fecha	cp	minsplit	minbucket	maxdepth	xval_folds	ganancia	iteracion
20220525 152027	-0.29881604785478	2776	979	7	5	9592000	1
20220525 152103	-0.425549363478785	5497	800	11	5	8754000	2
20220525 152139	-0.0939867286011576	4428	1041	17	5	8872000	3
20220525 152209	-0.584152088555857	6476	1399	8	5	8118000	4
20220525 152230	0.0621733800318909	2249	518	5	5	0	5
20220525 152310	-0.603077930767904	3877	452	14	5	9126000	6
20220525 152344	-0.34671255362191	7148	1152	15	5	8239000	7
20220525 152450	-0.791625117245712	6538	1979	15	5	8650000	8
20220525 152544	-0.151498584460933	4645	328	16	5	8902000	9
20220525 152612	-0.0359797617726143	5928	727	4	5	8514000	10
20220525 152738	-0.498518146447895	496	36	9	5	8716000	11
20220525 152827	-0.952711875938985	7876	156	19	5	8080000	12
20220525 152914	-0.881836719735293	1937	916	13	5	10003000	13
20220525 153020	-0.299331016471842	4094	1044	16	5	8872000	14
20220525 153046	0.00511384971323436	3856	498	4	5	0	15
20220525 153155	-0.456536464457167	7063	1626	9	5	8239000	16
20220525 153337	-0.980360266489712	7625	942	10	5	8492000	17
20220525 153454	-0.0301883915919422	1900	900	15	5	9997000	18
20220525 153612	-0.995044266511436	1786	893	18	5	10429000	19
20220525 153654	-0.519585195828137	1867	932	20	5	10124000	20
20220525 153737	-0.995900097472263	3740	438	20	5	9127000	21
20220525 153819	-0.649023024973715	1654	821	20	5	9590000	22
20220525 153839	-0.664420215145962	1786	889	3	5	8326000	23
20220525 153952	-0.775361207434335	5658	897	19	5	8678000	24
20220525 154039	-0.987599028129417	1907	952	17	5	9901000	25
20220525 154123	-0.971822662127792	1452	701	16	5	10492000	26
20220525 154206	-0.997477591552039	1287	632	18	5	10229000	27
20220525 154245	-0.999958507104695	7443	620	16	5	8492000	28
20220525 154306	0.0760265691455496	1388	693	17	5	0	29
20220525 154325	-0.0282989483131704	7563	879	3	5	8492000	30
20220525 154413	-0.646401311141639	1152	323	16	5	10268000	31
20220525 154456	-0.996421073856912	1602	792	16	5	9947000	32
20220525 154538	-0.550856906588007	6940	332	20	5	8593000	33
20220525 154619	-0.24822327066162	1878	925	13	5	10130000	34
20220525 154712	-0.998684793711523	1402	700	8	5	10388000	35
20220525 154933	-0.85009743908039	773	380	13	5	9819000	36
20220525 155123	-0.425581230398924	472	236	14	5	8147000	37
20220525 155145	-0.687328072865854	6542	726	3	5	8400000	38
20220525 155240	-0.999790205394539	1348	667	12	5	10244000	39
20220525 155419	-0.708227501179942	806	401	20	5	9390000	40
20220525 155517	0.0966276310979603	2533	962	11	5	0	41
20220525 155650	-0.955353270538201	1626	813	20	5	9567000	42
20220525 155731	-0.968498703169756	725	359	8	5	9407000	43
20220525 155956	-0.0489703429466716	1586	780	20	5	9963000	44
20220525 160104	-0.0439588609750337	7593	1704	16	5	8492000	45
20220525 160126	-0.262654801096216	384	80	3	5	8609000	46
20220525 160208	-0.223468117511381	3839	1876	10	5	9107000	47
20220525 160309	-0.623656520108215	144	69	16	5	5200000	48
20220525 160356	-0.524204270907406	3275	411	16	5	9165000	49
20220525 160440	-0.0806901895554915	2013	995	13	5	9926000	50
20220525 160524	-0.838159220983505	2193	689	13	5	10098000	51
20220525 160700	-0.672034664448408	1238	9	16	5	8799000	52
20220525 160732	-0.858865910579515	1768	280	3	5	8609000	53
20220525 160822	-0.814755347032788	1381	671	20	5	10163000	54
20220525 160917	-0.257323181554595	2792	134	17	5	9383000	55
20220525 161013	-0.999986197154546	1908	195	20	5	9793000	56
20220525 161059	-0.852651845029285	1635	784	20	5	9960000	57
20220525 161151	-0.770206306148861	983	484	15	5	9138000	58
20220525 161307	-0.19152409802693	2024	914	12	5	9926000	59
20220525 161344	-0.226944593441312	2253	186	3	5	8609000	60
20220525 161428	-0.139200069522232	1983	986	18	5	9911000	61
20220525 161514	-0.559051123057109	1881	493	12	5	10761000	62
20220525 161541	-0.53571305665241	1871	924	5	5	10047000	63
20220525 161624	-0.549688440818274	1381	687	15	5	10234000	64
20220525 161704	-0.568847126951635	2374	1180	18	5	9381000	65
20220525 161811	-0.536319902743975	1908	4	13	5	9470000	66
20220525 161850	-0.580428995779225	1624	620	8	5	10870000	67
20220525 161933	-0.565515969920746	1688	768	10	5	9826000	68
20220525 162002	-0.588762472646708	2027	67	5	5	9488000	69
20220525 162048	-0.582670369983859	1584	398	15	5	10682000	70
20220525 162136	-0.554100980853771	1995	363	20	5	10071000	71
20220525 162157	-0.555289129213444	2679	460	3	5	8609000	72
20220525 162239	-0.815952576933617	3055	1055	20	5	9304000	73
20220525 162318	-0.499690393405515	2237	1105	9	5	9515000	74
20220525 162358	-0.164047498105013	2890	1444	13	5	8889000	75
20220525 162450	-0.110750410547185	1337	215	14	5	10049000	76
20220525 162541	-0.169448089356384	995	283	20	5	10142000	77
20220525 162628	-0.213192811017128	1224	591	20	5	10617000	78
20220525 162722	-0.195205449795454	730	362	13	5	8968000	79
20220525 162805	-0.216442368100054	1857	850	20	5	10176000	80
20220525 162849	-0.999636499099295	2478	1237	20	5	9611000	81
20220525 162937	-0.239908272084965	1168	474	20	5	9587000	82
20220525 163016	-0.1881109717923	2756	1259	20	5	9206000	83
20220525 163100	-0.64733225336694	4345	131	13	5	8785000	84
20220525 163145	-0.579797116634427	1941	412	12	5	10195000	85
20220525 163246	-0.97379057917296	119	58	20	5	4832000	86
20220525 163321	-0.58914756777689	1323	517	7	5	10716000	87
20220525 163345	-0.967073432728302	1371	558	4	5	9666000	88
20220525 163432	-0.0412619473382589	653	323	13	5	9055000	89
20220525 163515	-0.284489214584013	1702	846	14	5	9774000	90
20220525 163549	-0.559400887025112	1652	460	7	5	10800000	91
20220525 163630	-0.925930615333311	1597	555	11	5	10938000	92
20220525 163707	-0.490098539384242	1714	543	8	5	10999000	93
20220525 163751	-0.648218657990083	1767	503	16	5	11131000	94
20220525 163835	-0.901259932174111	1778	494	20	5	11132000	95
20220525 163921	-0.888762135773995	1941	431	18	5	10273000	96
20220525 163952	-0.117742804231246	6490	908	7	5	8526000	97
20220525 164032	-0.52131693006319	1756	528	8	5	11057000	98
20220525 164101	-0.409394601053071	1763	623	5	5	10349000	99
20220525 164144	-0.907395743624113	1314	635	13	5	10336000	100
20220525 164242	-0.968857201182906	1835	580	10	5	10835000	101
20220525 164329	-0.502500384546239	1823	519	13	5	10786000	102
20220525 164411	-0.363722849732402	2079	503	9	5	10086000	103
20220525 164449	-0.845310960558932	3039	1502	8	5	8856000	104
20220525 164536	-0.0815771883510247	1314	652	16	5	9936000	105
20220525 164615	-0.450647478655437	1918	542	8	5	10619000	106
20220525 164654	-0.640446010325458	1618	516	8	5	10933000	107
20220525 164743	-0.624423428476602	1621	539	19	5	1.1e+07	108
20220525 164831	-0.62742447804982	1691	511	16	5	10966000	109
20220525 164936	-0.0763913725684841	6098	1	20	5	8770000	110
20220525 165013	-0.0429422945372735	5332	2000	20	5	8606000	111
20220525 165101	-0.643848300913015	1699	453	18	5	10740000	112
20220525 165149	-0.669582781381643	1717	563	19	5	10914000	113
20220525 165238	-0.934297930218509	1786	527	20	5	10973000	114
20220525 165325	-0.285322202414856	5958	249	20	5	8483000	115
20220525 165404	-0.999496164533257	4494	1998	18	5	8758000	116
