max_depth	min_bucket	min_split	peso_error	cp	ganancia_promedio
4	300	1400	1	-0.1	10806000
4	300	1400	10	-0.1	11488000
4	300	1400	100	-0.1	10870000
4	300	1400	200	-0.1	9916000
4	300	1400	244	-0.1	10328000
4	300	1400	270	-0.1	10328000
4	300	1400	300	-0.1	10341333
4	300	1400	350	-0.1	10988000
4	300	1400	400	-0.1	10428667
4	300	1400	450	-0.1	10140000
4	300	1200	1	-0.1	10806000
4	300	1200	10	-0.1	11388000
4	300	1200	100	-0.1	10870000
4	300	1200	200	-0.1	9916000
4	300	1200	244	-0.1	10328000
4	300	1200	270	-0.1	10328000
4	300	1200	300	-0.1	10341333
4	300	1200	350	-0.1	10988000
4	300	1200	400	-0.1	10428667
4	300	1200	450	-0.1	10140000
4	300	1000	1	-0.1	10760667
4	300	1000	10	-0.1	11327333
4	300	1000	100	-0.1	10870000
4	300	1000	200	-0.1	9916000
4	300	1000	244	-0.1	10328000
4	300	1000	270	-0.1	10328000
4	300	1000	300	-0.1	10341333
4	300	1000	350	-0.1	10988000
4	300	1000	400	-0.1	10428667
4	300	1000	450	-0.1	10140000
4	300	800	1	-0.1	10670667
4	300	800	10	-0.1	11327333
4	300	800	100	-0.1	10870000
4	300	800	200	-0.1	9916000
4	300	800	244	-0.1	10328000
4	300	800	270	-0.1	10328000
4	300	800	300	-0.1	10341333
4	300	800	350	-0.1	10988000
4	300	800	400	-0.1	10428667
4	300	800	450	-0.1	10140000
4	300	600	1	-0.1	10670667
4	300	600	10	-0.1	11327333
4	300	600	100	-0.1	10870000
4	300	600	200	-0.1	9916000
4	300	600	244	-0.1	10328000
4	300	600	270	-0.1	10328000
4	300	600	300	-0.1	10341333
4	300	600	350	-0.1	10988000
4	300	600	400	-0.1	10428667
4	300	600	450	-0.1	10140000
4	340	1400	1	-0.1	10806000
4	340	1400	10	-0.1	11299333
4	340	1400	100	-0.1	10870000
4	340	1400	200	-0.1	9916000
4	340	1400	244	-0.1	10328000
4	340	1400	270	-0.1	10328000
4	340	1400	300	-0.1	10341333
4	340	1400	350	-0.1	10988000
4	340	1400	400	-0.1	10428667
4	340	1400	450	-0.1	10140000
4	340	1200	1	-0.1	10806000
4	340	1200	10	-0.1	11182000
4	340	1200	100	-0.1	10870000
4	340	1200	200	-0.1	9916000
4	340	1200	244	-0.1	10328000
4	340	1200	270	-0.1	10328000
4	340	1200	300	-0.1	10341333
4	340	1200	350	-0.1	10988000
4	340	1200	400	-0.1	10428667
4	340	1200	450	-0.1	10140000
4	340	1000	1	-0.1	10705333
4	340	1000	10	-0.1	11103333
4	340	1000	100	-0.1	10870000
4	340	1000	200	-0.1	9916000
4	340	1000	244	-0.1	10328000
4	340	1000	270	-0.1	10328000
4	340	1000	300	-0.1	10341333
4	340	1000	350	-0.1	10988000
4	340	1000	400	-0.1	10428667
4	340	1000	450	-0.1	10140000
4	340	800	1	-0.1	10615333
4	340	800	10	-0.1	11103333
4	340	800	100	-0.1	10870000
4	340	800	200	-0.1	9916000
4	340	800	244	-0.1	10328000
4	340	800	270	-0.1	10328000
4	340	800	300	-0.1	10341333
4	340	800	350	-0.1	10988000
4	340	800	400	-0.1	10428667
4	340	800	450	-0.1	10140000
4	380	1400	1	-0.1	10904000
4	380	1400	10	-0.1	11346667
4	380	1400	100	-0.1	10870000
4	380	1400	200	-0.1	9916000
4	380	1400	244	-0.1	10328000
4	380	1400	270	-0.1	10328000
4	380	1400	300	-0.1	10341333
4	380	1400	350	-0.1	10988000
4	380	1400	400	-0.1	10428667
4	380	1400	450	-0.1	10140000
4	380	1200	1	-0.1	10904000
4	380	1200	10	-0.1	11220667
4	380	1200	100	-0.1	10870000
4	380	1200	200	-0.1	9916000
4	380	1200	244	-0.1	10328000
4	380	1200	270	-0.1	10328000
4	380	1200	300	-0.1	10341333
4	380	1200	350	-0.1	10988000
4	380	1200	400	-0.1	10428667
4	380	1200	450	-0.1	10140000
4	380	1000	1	-0.1	10803333
4	380	1000	10	-0.1	11155333
4	380	1000	100	-0.1	10870000
4	380	1000	200	-0.1	9916000
4	380	1000	244	-0.1	10328000
4	380	1000	270	-0.1	10328000
4	380	1000	300	-0.1	10341333
4	380	1000	350	-0.1	10988000
4	380	1000	400	-0.1	10428667
4	380	1000	450	-0.1	10140000
4	380	800	1	-0.1	10713333
4	380	800	10	-0.1	11155333
4	380	800	100	-0.1	10870000
4	380	800	200	-0.1	9916000
4	380	800	244	-0.1	10328000
4	380	800	270	-0.1	10328000
4	380	800	300	-0.1	10341333
4	380	800	350	-0.1	10988000
4	380	800	400	-0.1	10428667
4	380	800	450	-0.1	10140000
4	420	1400	1	-0.1	10904000
4	420	1400	10	-0.1	11346667
4	420	1400	100	-0.1	10870000
4	420	1400	200	-0.1	9916000
4	420	1400	244	-0.1	10219333
4	420	1400	270	-0.1	10219333
4	420	1400	300	-0.1	10232667
4	420	1400	350	-0.1	10879333
4	420	1400	400	-0.1	10320000
4	420	1400	450	-0.1	10030000
4	420	1200	1	-0.1	10904000
4	420	1200	10	-0.1	11208667
4	420	1200	100	-0.1	10870000
4	420	1200	200	-0.1	9916000
4	420	1200	244	-0.1	10219333
4	420	1200	270	-0.1	10219333
4	420	1200	300	-0.1	10232667
4	420	1200	350	-0.1	10879333
4	420	1200	400	-0.1	10320000
4	420	1200	450	-0.1	10030000
4	420	1000	1	-0.1	10803333
4	420	1000	10	-0.1	11143333
4	420	1000	100	-0.1	10870000
4	420	1000	200	-0.1	9916000
4	420	1000	244	-0.1	10219333
4	420	1000	270	-0.1	10219333
4	420	1000	300	-0.1	10232667
4	420	1000	350	-0.1	10879333
4	420	1000	400	-0.1	10320000
4	420	1000	450	-0.1	10030000
4	460	1400	1	-0.1	10904000
4	460	1400	10	-0.1	11442667
4	460	1400	100	-0.1	10870000
4	460	1400	200	-0.1	9916000
4	460	1400	244	-0.1	10219333
4	460	1400	270	-0.1	10219333
4	460	1400	300	-0.1	10232667
4	460	1400	350	-0.1	10879333
4	460	1400	400	-0.1	10320000
4	460	1400	450	-0.1	10030000
4	460	1200	1	-0.1	10904000
4	460	1200	10	-0.1	11351333
4	460	1200	100	-0.1	10870000
4	460	1200	200	-0.1	9916000
4	460	1200	244	-0.1	10219333
4	460	1200	270	-0.1	10219333
4	460	1200	300	-0.1	10232667
4	460	1200	350	-0.1	10879333
4	460	1200	400	-0.1	10320000
4	460	1200	450	-0.1	10030000
4	460	1000	1	-0.1	10803333
4	460	1000	10	-0.1	11286000
4	460	1000	100	-0.1	10870000
4	460	1000	200	-0.1	9916000
4	460	1000	244	-0.1	10219333
4	460	1000	270	-0.1	10219333
4	460	1000	300	-0.1	10232667
4	460	1000	350	-0.1	10879333
4	460	1000	400	-0.1	10320000
4	460	1000	450	-0.1	10030000
4	500	1400	1	-0.1	10904000
4	500	1400	10	-0.1	11442667
4	500	1400	100	-0.1	10870000
4	500	1400	200	-0.1	9974000
4	500	1400	244	-0.1	10280000
4	500	1400	270	-0.1	10280000
4	500	1400	300	-0.1	10232667
4	500	1400	350	-0.1	10879333
4	500	1400	400	-0.1	10320000
4	500	1400	450	-0.1	10030000
4	500	1200	1	-0.1	10904000
4	500	1200	10	-0.1	11493333
4	500	1200	100	-0.1	10870000
4	500	1200	200	-0.1	9974000
4	500	1200	244	-0.1	10280000
4	500	1200	270	-0.1	10280000
4	500	1200	300	-0.1	10232667
4	500	1200	350	-0.1	10879333
4	500	1200	400	-0.1	10320000
4	500	1200	450	-0.1	10030000
4	500	1000	1	-0.1	10803333
4	500	1000	10	-0.1	11428000
4	500	1000	100	-0.1	10870000
4	500	1000	200	-0.1	9974000
4	500	1000	244	-0.1	10280000
4	500	1000	270	-0.1	10280000
4	500	1000	300	-0.1	10232667
4	500	1000	350	-0.1	10879333
4	500	1000	400	-0.1	10320000
4	500	1000	450	-0.1	10030000
5	300	1400	1	-0.1	11028000
5	300	1400	10	-0.1	11924000
5	300	1400	100	-0.1	11355333
5	300	1400	200	-0.1	11564000
5	300	1400	244	-0.1	11605333
5	300	1400	270	-0.1	11122000
5	300	1400	300	-0.1	10711333
5	300	1400	350	-0.1	11227333
5	300	1400	400	-0.1	11058000
5	300	1400	450	-0.1	11281333
5	300	1200	1	-0.1	11028000
5	300	1200	10	-0.1	11824000
5	300	1200	100	-0.1	11338000
5	300	1200	200	-0.1	11564000
5	300	1200	244	-0.1	11605333
5	300	1200	270	-0.1	11122000
5	300	1200	300	-0.1	10711333
5	300	1200	350	-0.1	11227333
5	300	1200	400	-0.1	11058000
5	300	1200	450	-0.1	11281333
5	300	1000	1	-0.1	10954667
5	300	1000	10	-0.1	11700667
5	300	1000	100	-0.1	11226000
5	300	1000	200	-0.1	11564000
5	300	1000	244	-0.1	11605333
5	300	1000	270	-0.1	11122000
5	300	1000	300	-0.1	10711333
5	300	1000	350	-0.1	11227333
5	300	1000	400	-0.1	11058000
5	300	1000	450	-0.1	11281333
5	300	800	1	-0.1	10864667
5	300	800	10	-0.1	11574667
5	300	800	100	-0.1	11156000
5	300	800	200	-0.1	11564000
5	300	800	244	-0.1	11605333
5	300	800	270	-0.1	11122000
5	300	800	300	-0.1	10711333
5	300	800	350	-0.1	11227333
5	300	800	400	-0.1	11058000
5	300	800	450	-0.1	11281333
5	300	600	1	-0.1	10812000
5	300	600	10	-0.1	11632667
5	300	600	100	-0.1	11156000
5	300	600	200	-0.1	11566000
5	300	600	244	-0.1	11605333
5	300	600	270	-0.1	11122000
5	300	600	300	-0.1	10711333
5	300	600	350	-0.1	11227333
5	300	600	400	-0.1	11058000
5	300	600	450	-0.1	11281333
5	340	1400	1	-0.1	11022667
5	340	1400	10	-0.1	11857333
5	340	1400	100	-0.1	11452667
5	340	1400	200	-0.1	11433333
5	340	1400	244	-0.1	11605333
5	340	1400	270	-0.1	11432000
5	340	1400	300	-0.1	11246667
5	340	1400	350	-0.1	11732667
5	340	1400	400	-0.1	11585333
5	340	1400	450	-0.1	11316667
5	340	1200	1	-0.1	11022667
5	340	1200	10	-0.1	11763333
5	340	1200	100	-0.1	11435333
5	340	1200	200	-0.1	11433333
5	340	1200	244	-0.1	11605333
5	340	1200	270	-0.1	11432000
5	340	1200	300	-0.1	11246667
5	340	1200	350	-0.1	11732667
5	340	1200	400	-0.1	11585333
5	340	1200	450	-0.1	11316667
5	340	1000	1	-0.1	10894000
5	340	1000	10	-0.1	11546667
5	340	1000	100	-0.1	11323333
5	340	1000	200	-0.1	11433333
5	340	1000	244	-0.1	11605333
5	340	1000	270	-0.1	11432000
5	340	1000	300	-0.1	11246667
5	340	1000	350	-0.1	11732667
5	340	1000	400	-0.1	11585333
5	340	1000	450	-0.1	11316667
5	340	800	1	-0.1	10804000
5	340	800	10	-0.1	11620667
5	340	800	100	-0.1	11253333
5	340	800	200	-0.1	11433333
5	340	800	244	-0.1	11605333
5	340	800	270	-0.1	11432000
5	340	800	300	-0.1	11246667
5	340	800	350	-0.1	11732667
5	340	800	400	-0.1	11585333
5	340	800	450	-0.1	11316667
5	380	1400	1	-0.1	11104000
5	380	1400	10	-0.1	11857333
5	380	1400	100	-0.1	11451333
5	380	1400	200	-0.1	11433333
5	380	1400	244	-0.1	11605333
5	380	1400	270	-0.1	11432000
5	380	1400	300	-0.1	11246667
5	380	1400	350	-0.1	11732667
5	380	1400	400	-0.1	11585333
5	380	1400	450	-0.1	11316667
5	380	1200	1	-0.1	11104000
5	380	1200	10	-0.1	11754667
5	380	1200	100	-0.1	11434000
5	380	1200	200	-0.1	11433333
5	380	1200	244	-0.1	11605333
5	380	1200	270	-0.1	11432000
5	380	1200	300	-0.1	11246667
5	380	1200	350	-0.1	11732667
5	380	1200	400	-0.1	11585333
5	380	1200	450	-0.1	11316667
5	380	1000	1	-0.1	10933333
5	380	1000	10	-0.1	11550667
5	380	1000	100	-0.1	11322000
5	380	1000	200	-0.1	11433333
5	380	1000	244	-0.1	11605333
5	380	1000	270	-0.1	11432000
5	380	1000	300	-0.1	11246667
5	380	1000	350	-0.1	11732667
5	380	1000	400	-0.1	11585333
5	380	1000	450	-0.1	11316667
5	380	800	1	-0.1	10843333
5	380	800	10	-0.1	11421333
5	380	800	100	-0.1	11362000
5	380	800	200	-0.1	11433333
5	380	800	244	-0.1	11605333
5	380	800	270	-0.1	11432000
5	380	800	300	-0.1	11246667
5	380	800	350	-0.1	11732667
5	380	800	400	-0.1	11585333
5	380	800	450	-0.1	11316667
5	420	1400	1	-0.1	11087333
5	420	1400	10	-0.1	11987333
5	420	1400	100	-0.1	11346667
5	420	1400	200	-0.1	11650000
5	420	1400	244	-0.1	11483333
5	420	1400	270	-0.1	11310000
5	420	1400	300	-0.1	11329333
5	420	1400	350	-0.1	11815333
5	420	1400	400	-0.1	11668000
5	420	1400	450	-0.1	11774000
5	420	1200	1	-0.1	11087333
5	420	1200	10	-0.1	11872667
5	420	1200	100	-0.1	11329333
5	420	1200	200	-0.1	11650000
5	420	1200	244	-0.1	11483333
5	420	1200	270	-0.1	11310000
5	420	1200	300	-0.1	11329333
5	420	1200	350	-0.1	11815333
5	420	1200	400	-0.1	11668000
5	420	1200	450	-0.1	11774000
5	420	1000	1	-0.1	11090000
5	420	1000	10	-0.1	11678000
5	420	1000	100	-0.1	11217333
5	420	1000	200	-0.1	11650000
5	420	1000	244	-0.1	11483333
5	420	1000	270	-0.1	11310000
5	420	1000	300	-0.1	11329333
5	420	1000	350	-0.1	11815333
5	420	1000	400	-0.1	11668000
5	420	1000	450	-0.1	11774000
5	460	1400	1	-0.1	11121333
5	460	1400	10	-0.1	12083333
5	460	1400	100	-0.1	11531333
5	460	1400	200	-0.1	11650000
5	460	1400	244	-0.1	11652000
5	460	1400	270	-0.1	11478667
5	460	1400	300	-0.1	11329333
5	460	1400	350	-0.1	11796000
5	460	1400	400	-0.1	11648667
5	460	1400	450	-0.1	11754667
5	460	1200	1	-0.1	11121333
5	460	1200	10	-0.1	12015333
5	460	1200	100	-0.1	11513333
5	460	1200	200	-0.1	11650000
5	460	1200	244	-0.1	11652000
5	460	1200	270	-0.1	11478667
5	460	1200	300	-0.1	11329333
5	460	1200	350	-0.1	11796000
5	460	1200	400	-0.1	11648667
5	460	1200	450	-0.1	11754667
5	460	1000	1	-0.1	11091333
5	460	1000	10	-0.1	11820667
5	460	1000	100	-0.1	11401333
5	460	1000	200	-0.1	11650000
5	460	1000	244	-0.1	11652000
5	460	1000	270	-0.1	11478667
5	460	1000	300	-0.1	11329333
5	460	1000	350	-0.1	11796000
5	460	1000	400	-0.1	11648667
5	460	1000	450	-0.1	11754667
5	500	1400	1	-0.1	11120667
5	500	1400	10	-0.1	12083333
5	500	1400	100	-0.1	11505333
5	500	1400	200	-0.1	11606667
5	500	1400	244	-0.1	11492000
5	500	1400	270	-0.1	11318667
5	500	1400	300	-0.1	11265333
5	500	1400	350	-0.1	11796000
5	500	1400	400	-0.1	11648667
5	500	1400	450	-0.1	11754667
5	500	1200	1	-0.1	11120667
5	500	1200	10	-0.1	12157333
5	500	1200	100	-0.1	11505333
5	500	1200	200	-0.1	11606667
5	500	1200	244	-0.1	11492000
5	500	1200	270	-0.1	11318667
5	500	1200	300	-0.1	11265333
5	500	1200	350	-0.1	11796000
5	500	1200	400	-0.1	11648667
5	500	1200	450	-0.1	11754667
5	500	1000	1	-0.1	11035333
5	500	1000	10	-0.1	11934667
5	500	1000	100	-0.1	11505333
5	500	1000	200	-0.1	11606667
5	500	1000	244	-0.1	11492000
5	500	1000	270	-0.1	11318667
5	500	1000	300	-0.1	11265333
5	500	1000	350	-0.1	11796000
5	500	1000	400	-0.1	11648667
5	500	1000	450	-0.1	11754667
6	300	1400	1	-0.1	10892000
6	300	1400	10	-0.1	11242667
6	300	1400	100	-0.1	11236000
6	300	1400	200	-0.1	11462000
6	300	1400	244	-0.1	11766000
6	300	1400	270	-0.1	11775333
6	300	1400	300	-0.1	11836000
6	300	1400	350	-0.1	12208000
6	300	1400	400	-0.1	11953333
6	300	1400	450	-0.1	12074000
6	300	1200	1	-0.1	10692667
6	300	1200	10	-0.1	10976000
6	300	1200	100	-0.1	11308000
6	300	1200	200	-0.1	11462000
6	300	1200	244	-0.1	11860000
6	300	1200	270	-0.1	11742667
6	300	1200	300	-0.1	11803333
6	300	1200	350	-0.1	12208000
6	300	1200	400	-0.1	11953333
6	300	1200	450	-0.1	12074000
6	300	1000	1	-0.1	10866667
6	300	1000	10	-0.1	10786000
6	300	1000	100	-0.1	11148000
6	300	1000	200	-0.1	11290667
6	300	1000	244	-0.1	11759333
6	300	1000	270	-0.1	11642000
6	300	1000	300	-0.1	11874000
6	300	1000	350	-0.1	12278667
6	300	1000	400	-0.1	12024000
6	300	1000	450	-0.1	12074000
6	300	800	1	-0.1	10360667
6	300	800	10	-0.1	10486000
6	300	800	100	-0.1	10944667
6	300	800	200	-0.1	11331333
6	300	800	244	-0.1	11614667
6	300	800	270	-0.1	11497333
6	300	800	300	-0.1	11729333
6	300	800	350	-0.1	12218000
6	300	800	400	-0.1	11963333
6	300	800	450	-0.1	12074000
6	300	600	1	-0.1	10418000
6	300	600	10	-0.1	10614667
6	300	600	100	-0.1	10878667
6	300	600	200	-0.1	11333333
6	300	600	244	-0.1	11614667
6	300	600	270	-0.1	11497333
6	300	600	300	-0.1	11729333
6	300	600	350	-0.1	12218000
6	300	600	400	-0.1	11963333
6	300	600	450	-0.1	11883333
6	340	1400	1	-0.1	10902000
6	340	1400	10	-0.1	11212667
6	340	1400	100	-0.1	11134000
6	340	1400	200	-0.1	11741333
6	340	1400	244	-0.1	11826667
6	340	1400	270	-0.1	11716667
6	340	1400	300	-0.1	11922000
6	340	1400	350	-0.1	12203333
6	340	1400	400	-0.1	11968667
6	340	1400	450	-0.1	12256667
6	340	1200	1	-0.1	10674000
6	340	1200	10	-0.1	10943333
6	340	1200	100	-0.1	11240667
6	340	1200	200	-0.1	11741333
6	340	1200	244	-0.1	11920667
6	340	1200	270	-0.1	11684000
6	340	1200	300	-0.1	11889333
6	340	1200	350	-0.1	12203333
6	340	1200	400	-0.1	11968667
6	340	1200	450	-0.1	12256667
6	340	1000	1	-0.1	10668000
6	340	1000	10	-0.1	10637333
6	340	1000	100	-0.1	11008667
6	340	1000	200	-0.1	11570000
6	340	1000	244	-0.1	11820000
6	340	1000	270	-0.1	11583333
6	340	1000	300	-0.1	11960000
6	340	1000	350	-0.1	12274000
6	340	1000	400	-0.1	12039333
6	340	1000	450	-0.1	12336000
6	340	800	1	-0.1	10554667
6	340	800	10	-0.1	10757333
6	340	800	100	-0.1	10797333
6	340	800	200	-0.1	11566667
6	340	800	244	-0.1	11675333
6	340	800	270	-0.1	11438667
6	340	800	300	-0.1	11815333
6	340	800	350	-0.1	12213333
6	340	800	400	-0.1	11978667
6	340	800	450	-0.1	12336000
6	380	1400	1	-0.1	11238667
6	380	1400	10	-0.1	11323333
6	380	1400	100	-0.1	11604667
6	380	1400	200	-0.1	11842000
6	380	1400	244	-0.1	11988667
6	380	1400	270	-0.1	11786667
6	380	1400	300	-0.1	11992000
6	380	1400	350	-0.1	12330000
6	380	1400	400	-0.1	12145333
6	380	1400	450	-0.1	12530667
6	380	1200	1	-0.1	11076000
6	380	1200	10	-0.1	11066667
6	380	1200	100	-0.1	11711333
6	380	1200	200	-0.1	11842000
6	380	1200	244	-0.1	12082667
6	380	1200	270	-0.1	11754000
6	380	1200	300	-0.1	11959333
6	380	1200	350	-0.1	12330000
6	380	1200	400	-0.1	12145333
6	380	1200	450	-0.1	12530667
6	380	1000	1	-0.1	10896000
6	380	1000	10	-0.1	10773333
6	380	1000	100	-0.1	11480000
6	380	1000	200	-0.1	11670667
6	380	1000	244	-0.1	11948667
6	380	1000	270	-0.1	11620000
6	380	1000	300	-0.1	11996667
6	380	1000	350	-0.1	12367333
6	380	1000	400	-0.1	12182667
6	380	1000	450	-0.1	12621333
6	380	800	1	-0.1	10702667
6	380	800	10	-0.1	10703333
6	380	800	100	-0.1	11378000
6	380	800	200	-0.1	11670667
6	380	800	244	-0.1	11822000
6	380	800	270	-0.1	11493333
6	380	800	300	-0.1	11870000
6	380	800	350	-0.1	12240667
6	380	800	400	-0.1	12155333
6	380	800	450	-0.1	12621333
6	420	1400	1	-0.1	11408667
6	420	1400	10	-0.1	11326000
6	420	1400	100	-0.1	11468667
6	420	1400	200	-0.1	11654667
6	420	1400	244	-0.1	11974667
6	420	1400	270	-0.1	11772667
6	420	1400	300	-0.1	12263333
6	420	1400	350	-0.1	12370667
6	420	1400	400	-0.1	12186000
6	420	1400	450	-0.1	12554000
6	420	1200	1	-0.1	11293333
6	420	1200	10	-0.1	11111333
6	420	1200	100	-0.1	11600667
6	420	1200	200	-0.1	11654667
6	420	1200	244	-0.1	12068667
6	420	1200	270	-0.1	11740000
6	420	1200	300	-0.1	12230667
6	420	1200	350	-0.1	12370667
6	420	1200	400	-0.1	12186000
6	420	1200	450	-0.1	12554000
6	420	1000	1	-0.1	11294667
6	420	1000	10	-0.1	10456000
6	420	1000	100	-0.1	11445333
6	420	1000	200	-0.1	11486667
6	420	1000	244	-0.1	11938000
6	420	1000	270	-0.1	11609333
6	420	1000	300	-0.1	12268000
6	420	1000	350	-0.1	12408000
6	420	1000	400	-0.1	12223333
6	420	1000	450	-0.1	12600000
6	460	1400	1	-0.1	11396667
6	460	1400	10	-0.1	11286000
6	460	1400	100	-0.1	11422667
6	460	1400	200	-0.1	11757333
6	460	1400	244	-0.1	12404000
6	460	1400	270	-0.1	12282667
6	460	1400	300	-0.1	12496000
6	460	1400	350	-0.1	12505333
6	460	1400	400	-0.1	12308000
6	460	1400	450	-0.1	12488000
6	460	1200	1	-0.1	11277333
6	460	1200	10	-0.1	11044667
6	460	1200	100	-0.1	11554000
6	460	1200	200	-0.1	11757333
6	460	1200	244	-0.1	12466667
6	460	1200	270	-0.1	12250000
6	460	1200	300	-0.1	12463333
6	460	1200	350	-0.1	12505333
6	460	1200	400	-0.1	12308000
6	460	1200	450	-0.1	12488000
6	460	1000	1	-0.1	11302667
6	460	1000	10	-0.1	10418000
6	460	1000	100	-0.1	11355333
6	460	1000	200	-0.1	11563333
6	460	1000	244	-0.1	12310000
6	460	1000	270	-0.1	12093333
6	460	1000	300	-0.1	12500667
6	460	1000	350	-0.1	12542667
6	460	1000	400	-0.1	12345333
6	460	1000	450	-0.1	12534000
6	500	1400	1	-0.1	11408667
6	500	1400	10	-0.1	11225333
6	500	1400	100	-0.1	11514667
6	500	1400	200	-0.1	11776667
6	500	1400	244	-0.1	12012000
6	500	1400	270	-0.1	11871333
6	500	1400	300	-0.1	11967333
6	500	1400	350	-0.1	12766000
6	500	1400	400	-0.1	12612667
6	500	1400	450	-0.1	12748667
6	500	1200	1	-0.1	11231333
6	500	1200	10	-0.1	11254667
6	500	1200	100	-0.1	11630000
6	500	1200	200	-0.1	11776667
6	500	1200	244	-0.1	11962000
6	500	1200	270	-0.1	11838667
6	500	1200	300	-0.1	11934667
6	500	1200	350	-0.1	12766000
6	500	1200	400	-0.1	12612667
6	500	1200	450	-0.1	12748667
6	500	1000	1	-0.1	11180667
6	500	1000	10	-0.1	10737333
6	500	1000	100	-0.1	11630000
6	500	1000	200	-0.1	11610667
6	500	1000	244	-0.1	11824000
6	500	1000	270	-0.1	11700667
6	500	1000	300	-0.1	11962667
6	500	1000	350	-0.1	12794000
6	500	1000	400	-0.1	12640667
6	500	1000	450	-0.1	12790000
7	300	1400	1	-0.1	11018000
7	300	1400	10	-0.1	11366667
7	300	1400	100	-0.1	11440667
7	300	1400	200	-0.1	11918000
7	300	1400	244	-0.1	11251333
7	300	1400	270	-0.1	11439333
7	300	1400	300	-0.1	11422667
7	300	1400	350	-0.1	11620000
7	300	1400	400	-0.1	11389333
7	300	1400	450	-0.1	11524667
7	300	1200	1	-0.1	10924000
7	300	1200	10	-0.1	11146000
7	300	1200	100	-0.1	11413333
7	300	1200	200	-0.1	11872667
7	300	1200	244	-0.1	11286667
7	300	1200	270	-0.1	11348000
7	300	1200	300	-0.1	11331333
7	300	1200	350	-0.1	11620000
7	300	1200	400	-0.1	11389333
7	300	1200	450	-0.1	11524667
7	300	1000	1	-0.1	11064000
7	300	1000	10	-0.1	10908000
7	300	1000	100	-0.1	11095333
7	300	1000	200	-0.1	11634000
7	300	1000	244	-0.1	11184000
7	300	1000	270	-0.1	11245333
7	300	1000	300	-0.1	11400000
7	300	1000	350	-0.1	11464000
7	300	1000	400	-0.1	11432000
7	300	1000	450	-0.1	11567333
7	300	800	1	-0.1	10733333
7	300	800	10	-0.1	10350000
7	300	800	100	-0.1	10884000
7	300	800	200	-0.1	11380000
7	300	800	244	-0.1	10728000
7	300	800	270	-0.1	10851333
7	300	800	300	-0.1	10992667
7	300	800	350	-0.1	11403333
7	300	800	400	-0.1	11371333
7	300	800	450	-0.1	11424000
7	300	600	1	-0.1	10916000
7	300	600	10	-0.1	10428667
7	300	600	100	-0.1	10774667
7	300	600	200	-0.1	11451333
7	300	600	244	-0.1	10852667
7	300	600	270	-0.1	10976000
7	300	600	300	-0.1	11061333
7	300	600	350	-0.1	11190667
7	300	600	400	-0.1	11144667
7	300	600	450	-0.1	11092000
7	340	1400	1	-0.1	11078000
7	340	1400	10	-0.1	11271333
7	340	1400	100	-0.1	11325333
7	340	1400	200	-0.1	12138000
7	340	1400	244	-0.1	11448667
7	340	1400	270	-0.1	11772000
7	340	1400	300	-0.1	11944667
7	340	1400	350	-0.1	11985333
7	340	1400	400	-0.1	11770667
7	340	1400	450	-0.1	11488000
7	340	1200	1	-0.1	10850000
7	340	1200	10	-0.1	11002000
7	340	1200	100	-0.1	11375333
7	340	1200	200	-0.1	12218667
7	340	1200	244	-0.1	11542667
7	340	1200	270	-0.1	11739333
7	340	1200	300	-0.1	11912000
7	340	1200	350	-0.1	11985333
7	340	1200	400	-0.1	11770667
7	340	1200	450	-0.1	11488000
7	340	1000	1	-0.1	10721333
7	340	1000	10	-0.1	10648000
7	340	1000	100	-0.1	10985333
7	340	1000	200	-0.1	11960000
7	340	1000	244	-0.1	11440000
7	340	1000	270	-0.1	11636667
7	340	1000	300	-0.1	11980667
7	340	1000	350	-0.1	11829333
7	340	1000	400	-0.1	11813333
7	340	1000	450	-0.1	11463333
7	340	800	1	-0.1	10519333
7	340	800	10	-0.1	10522000
7	340	800	100	-0.1	10775333
7	340	800	200	-0.1	11721333
7	340	800	244	-0.1	10991333
7	340	800	270	-0.1	11250000
7	340	800	300	-0.1	11580000
7	340	800	350	-0.1	11768667
7	340	800	400	-0.1	11752667
7	340	800	450	-0.1	11320000
7	380	1400	1	-0.1	11380667
7	380	1400	10	-0.1	11503333
7	380	1400	100	-0.1	11885333
7	380	1400	200	-0.1	11833333
7	380	1400	244	-0.1	11510000
7	380	1400	270	-0.1	11789333
7	380	1400	300	-0.1	11778667
7	380	1400	350	-0.1	12307333
7	380	1400	400	-0.1	11934667
7	380	1400	450	-0.1	11464000
7	380	1200	1	-0.1	11158000
7	380	1200	10	-0.1	11354000
7	380	1200	100	-0.1	11950000
7	380	1200	200	-0.1	11789333
7	380	1200	244	-0.1	11604000
7	380	1200	270	-0.1	11756667
7	380	1200	300	-0.1	11746000
7	380	1200	350	-0.1	12307333
7	380	1200	400	-0.1	11934667
7	380	1200	450	-0.1	11464000
7	380	1000	1	-0.1	10978000
7	380	1000	10	-0.1	10585333
7	380	1000	100	-0.1	11560667
7	380	1000	200	-0.1	11550667
7	380	1000	244	-0.1	11448667
7	380	1000	270	-0.1	11601333
7	380	1000	300	-0.1	11588000
7	380	1000	350	-0.1	12050000
7	380	1000	400	-0.1	11827333
7	380	1000	450	-0.1	11449333
7	380	800	1	-0.1	10633333
7	380	800	10	-0.1	10143333
7	380	800	100	-0.1	11460000
7	380	800	200	-0.1	11188000
7	380	800	244	-0.1	11172667
7	380	800	270	-0.1	11387333
7	380	800	300	-0.1	11278000
7	380	800	350	-0.1	11923333
7	380	800	400	-0.1	11800000
7	380	800	450	-0.1	11328000
7	420	1400	1	-0.1	11666667
7	420	1400	10	-0.1	11282000
7	420	1400	100	-0.1	11404000
7	420	1400	200	-0.1	11860667
7	420	1400	244	-0.1	11686667
7	420	1400	270	-0.1	11892000
7	420	1400	300	-0.1	11500667
7	420	1400	350	-0.1	12388667
7	420	1400	400	-0.1	12016000
7	420	1400	450	-0.1	11403333
7	420	1200	1	-0.1	11491333
7	420	1200	10	-0.1	11105333
7	420	1200	100	-0.1	11479333
7	420	1200	200	-0.1	11480000
7	420	1200	244	-0.1	11780667
7	420	1200	270	-0.1	11859333
7	420	1200	300	-0.1	11468000
7	420	1200	350	-0.1	12388667
7	420	1200	400	-0.1	12016000
7	420	1200	450	-0.1	11403333
7	420	1000	1	-0.1	11492667
7	420	1000	10	-0.1	10072000
7	420	1000	100	-0.1	11204667
7	420	1000	200	-0.1	11312000
7	420	1000	244	-0.1	11628667
7	420	1000	270	-0.1	11710667
7	420	1000	300	-0.1	11268667
7	420	1000	350	-0.1	11967333
7	420	1000	400	-0.1	11744667
7	420	1000	450	-0.1	11261333
7	460	1400	1	-0.1	11564667
7	460	1400	10	-0.1	11300667
7	460	1400	100	-0.1	11436000
7	460	1400	200	-0.1	11942000
7	460	1400	244	-0.1	11478000
7	460	1400	270	-0.1	11604667
7	460	1400	300	-0.1	11565333
7	460	1400	350	-0.1	12368667
7	460	1400	400	-0.1	12047333
7	460	1400	450	-0.1	11300667
7	460	1200	1	-0.1	11378000
7	460	1200	10	-0.1	10914667
7	460	1200	100	-0.1	11388667
7	460	1200	200	-0.1	11822000
7	460	1200	244	-0.1	11420667
7	460	1200	270	-0.1	11452000
7	460	1200	300	-0.1	11532667
7	460	1200	350	-0.1	12368667
7	460	1200	400	-0.1	12047333
7	460	1200	450	-0.1	11300667
7	460	1000	1	-0.1	11403333
7	460	1000	10	-0.1	9910000
7	460	1000	100	-0.1	11183333
7	460	1000	200	-0.1	11628000
7	460	1000	244	-0.1	11271333
7	460	1000	270	-0.1	11302667
7	460	1000	300	-0.1	11577333
7	460	1000	350	-0.1	12194667
7	460	1000	400	-0.1	12023333
7	460	1000	450	-0.1	11282667
7	500	1400	1	-0.1	11576667
7	500	1400	10	-0.1	11238000
7	500	1400	100	-0.1	11681333
7	500	1400	200	-0.1	11896000
7	500	1400	244	-0.1	11177333
7	500	1400	270	-0.1	11234667
7	500	1400	300	-0.1	11178000
7	500	1400	350	-0.1	12650667
7	500	1400	400	-0.1	12306667
7	500	1400	450	-0.1	11484667
7	500	1200	1	-0.1	11340000
7	500	1200	10	-0.1	11154667
7	500	1200	100	-0.1	11704000
7	500	1200	200	-0.1	11776000
7	500	1200	244	-0.1	11007333
7	500	1200	270	-0.1	11082000
7	500	1200	300	-0.1	11145333
7	500	1200	350	-0.1	12650667
7	500	1200	400	-0.1	12306667
7	500	1200	450	-0.1	11576000
7	500	1000	1	-0.1	11289333
7	500	1000	10	-0.1	10637333
7	500	1000	100	-0.1	11653333
7	500	1000	200	-0.1	11610000
7	500	1000	244	-0.1	10819333
7	500	1000	270	-0.1	10944000
7	500	1000	300	-0.1	11173333
7	500	1000	350	-0.1	12459333
7	500	1000	400	-0.1	12266000
7	500	1000	450	-0.1	11608667
8	300	1400	1	-0.1	11224000
8	300	1400	10	-0.1	11326667
8	300	1400	100	-0.1	11294667
8	300	1400	200	-0.1	11776667
8	300	1400	244	-0.1	11512667
8	300	1400	270	-0.1	11852000
8	300	1400	300	-0.1	11594667
8	300	1400	350	-0.1	11673333
8	300	1400	400	-0.1	11531333
8	300	1400	450	-0.1	11428667
8	300	1200	1	-0.1	11019333
8	300	1200	10	-0.1	11040000
8	300	1200	100	-0.1	11150000
8	300	1200	200	-0.1	11805333
8	300	1200	244	-0.1	11484000
8	300	1200	270	-0.1	11696667
8	300	1200	300	-0.1	11564000
8	300	1200	350	-0.1	11734000
8	300	1200	400	-0.1	11592000
8	300	1200	450	-0.1	11365333
8	300	1000	1	-0.1	10967333
8	300	1000	10	-0.1	10826667
8	300	1000	100	-0.1	10832000
8	300	1000	200	-0.1	11468667
8	300	1000	244	-0.1	11300000
8	300	1000	270	-0.1	11512667
8	300	1000	300	-0.1	11551333
8	300	1000	350	-0.1	11578000
8	300	1000	400	-0.1	11443333
8	300	1000	450	-0.1	11270000
8	300	800	1	-0.1	10553333
8	300	800	10	-0.1	10170667
8	300	800	100	-0.1	10376000
8	300	800	200	-0.1	10842667
8	300	800	244	-0.1	10848667
8	300	800	270	-0.1	11156000
8	300	800	300	-0.1	11181333
8	300	800	350	-0.1	11579333
8	300	800	400	-0.1	11444667
8	300	800	450	-0.1	11129333
8	300	600	1	-0.1	10531333
8	300	600	10	-0.1	9789333
8	300	600	100	-0.1	10127333
8	300	600	200	-0.1	10932667
8	300	600	244	-0.1	10864667
8	300	600	270	-0.1	11225333
8	300	600	300	-0.1	11138000
8	300	600	350	-0.1	11356000
8	300	600	400	-0.1	11216000
8	300	600	450	-0.1	10788667
8	340	1400	1	-0.1	11288000
8	340	1400	10	-0.1	11271333
8	340	1400	100	-0.1	11101333
8	340	1400	200	-0.1	12056667
8	340	1400	244	-0.1	11501333
8	340	1400	270	-0.1	11928667
8	340	1400	300	-0.1	11814000
8	340	1400	350	-0.1	11834000
8	340	1400	400	-0.1	11702667
8	340	1400	450	-0.1	11586667
8	340	1200	1	-0.1	10948667
8	340	1200	10	-0.1	10994000
8	340	1200	100	-0.1	10816000
8	340	1200	200	-0.1	12101333
8	340	1200	244	-0.1	11531333
8	340	1200	270	-0.1	11916667
8	340	1200	300	-0.1	11737333
8	340	1200	350	-0.1	11854667
8	340	1200	400	-0.1	11723333
8	340	1200	450	-0.1	11523333
8	340	1000	1	-0.1	10628000
8	340	1000	10	-0.1	10502667
8	340	1000	100	-0.1	10426000
8	340	1000	200	-0.1	11921333
8	340	1000	244	-0.1	11347333
8	340	1000	270	-0.1	11732667
8	340	1000	300	-0.1	11726667
8	340	1000	350	-0.1	11700667
8	340	1000	400	-0.1	11576667
8	340	1000	450	-0.1	11388000
8	340	800	1	-0.1	10312667
8	340	800	10	-0.1	10309333
8	340	800	100	-0.1	10022000
8	340	800	200	-0.1	11238000
8	340	800	244	-0.1	10527333
8	340	800	270	-0.1	11007333
8	340	800	300	-0.1	11062000
8	340	800	350	-0.1	11535333
8	340	800	400	-0.1	11411333
8	340	800	450	-0.1	11244667
8	380	1400	1	-0.1	11380667
8	380	1400	10	-0.1	11503333
8	380	1400	100	-0.1	11673333
8	380	1400	200	-0.1	11834000
8	380	1400	244	-0.1	11668667
8	380	1400	270	-0.1	12087333
8	380	1400	300	-0.1	12052667
8	380	1400	350	-0.1	12121333
8	380	1400	400	-0.1	12060000
8	380	1400	450	-0.1	11864000
8	380	1200	1	-0.1	11158000
8	380	1200	10	-0.1	11323333
8	380	1200	100	-0.1	11735333
8	380	1200	200	-0.1	11892667
8	380	1200	244	-0.1	11782667
8	380	1200	270	-0.1	12188000
8	380	1200	300	-0.1	12147333
8	380	1200	350	-0.1	12294667
8	380	1200	400	-0.1	12233333
8	380	1200	450	-0.1	11786000
8	380	1000	1	-0.1	10786000
8	380	1000	10	-0.1	10255333
8	380	1000	100	-0.1	11176000
8	380	1000	200	-0.1	11666667
8	380	1000	244	-0.1	11611333
8	380	1000	270	-0.1	12016667
8	380	1000	300	-0.1	11973333
8	380	1000	350	-0.1	12021333
8	380	1000	400	-0.1	11968667
8	380	1000	450	-0.1	11691333
8	380	800	1	-0.1	10457333
8	380	800	10	-0.1	9715333
8	380	800	100	-0.1	10938000
8	380	800	200	-0.1	11204000
8	380	800	244	-0.1	10982667
8	380	800	270	-0.1	11475333
8	380	800	300	-0.1	11607333
8	380	800	350	-0.1	11894667
8	380	800	400	-0.1	11941333
8	380	800	450	-0.1	11570000
8	420	1400	1	-0.1	11666667
8	420	1400	10	-0.1	11282000
8	420	1400	100	-0.1	11431333
8	420	1400	200	-0.1	11928000
8	420	1400	244	-0.1	12075333
8	420	1400	270	-0.1	12198000
8	420	1400	300	-0.1	11948000
8	420	1400	350	-0.1	12322000
8	420	1400	400	-0.1	12260667
8	420	1400	450	-0.1	11966667
8	420	1200	1	-0.1	11491333
8	420	1200	10	-0.1	11000667
8	420	1200	100	-0.1	11506667
8	420	1200	200	-0.1	11543333
8	420	1200	244	-0.1	12086000
8	420	1200	270	-0.1	12064667
8	420	1200	300	-0.1	11957333
8	420	1200	350	-0.1	12364000
8	420	1200	400	-0.1	12302667
8	420	1200	450	-0.1	11889333
8	420	1000	1	-0.1	11325333
8	420	1000	10	-0.1	9668000
8	420	1000	100	-0.1	11088000
8	420	1000	200	-0.1	11188667
8	420	1000	244	-0.1	11910667
8	420	1000	270	-0.1	11892667
8	420	1000	300	-0.1	11572000
8	420	1000	350	-0.1	11919333
8	420	1000	400	-0.1	11866667
8	420	1000	450	-0.1	11626667
8	460	1400	1	-0.1	11564667
8	460	1400	10	-0.1	11142667
8	460	1400	100	-0.1	11463333
8	460	1400	200	-0.1	11898000
8	460	1400	244	-0.1	12010667
8	460	1400	270	-0.1	12054667
8	460	1400	300	-0.1	11958000
8	460	1400	350	-0.1	12311333
8	460	1400	400	-0.1	12132667
8	460	1400	450	-0.1	12101333
8	460	1200	1	-0.1	11378000
8	460	1200	10	-0.1	10663333
8	460	1200	100	-0.1	11416000
8	460	1200	200	-0.1	11647333
8	460	1200	244	-0.1	11810667
8	460	1200	270	-0.1	11793333
8	460	1200	300	-0.1	11959333
8	460	1200	350	-0.1	12345333
8	460	1200	400	-0.1	12166667
8	460	1200	450	-0.1	11992000
8	460	1000	1	-0.1	11308667
8	460	1000	10	-0.1	9359333
8	460	1000	100	-0.1	11074667
8	460	1000	200	-0.1	11328000
8	460	1000	244	-0.1	11774667
8	460	1000	270	-0.1	11757333
8	460	1000	300	-0.1	11822667
8	460	1000	350	-0.1	12152667
8	460	1000	400	-0.1	11870000
8	460	1000	450	-0.1	11853333
8	500	1400	1	-0.1	11576667
8	500	1400	10	-0.1	11238000
8	500	1400	100	-0.1	11596667
8	500	1400	200	-0.1	11865333
8	500	1400	244	-0.1	11746667
8	500	1400	270	-0.1	11610000
8	500	1400	300	-0.1	11760667
8	500	1400	350	-0.1	12252000
8	500	1400	400	-0.1	12319333
8	500	1400	450	-0.1	12130000
8	500	1200	1	-0.1	11340000
8	500	1200	10	-0.1	11180667
8	500	1200	100	-0.1	11619333
8	500	1200	200	-0.1	11757333
8	500	1200	244	-0.1	11576667
8	500	1200	270	-0.1	11491333
8	500	1200	300	-0.1	11762000
8	500	1200	350	-0.1	12238000
8	500	1200	400	-0.1	12305333
8	500	1200	450	-0.1	12134000
8	500	1000	1	-0.1	11190667
8	500	1000	10	-0.1	10479333
8	500	1000	100	-0.1	11417333
8	500	1000	200	-0.1	11584667
8	500	1000	244	-0.1	11492000
8	500	1000	270	-0.1	11442000
8	500	1000	300	-0.1	11746667
8	500	1000	350	-0.1	12003333
8	500	1000	400	-0.1	12077333
8	500	1000	450	-0.1	11964667
9	300	1400	1	-0.1	11224000
9	300	1400	10	-0.1	11326667
9	300	1400	100	-0.1	11416000
9	300	1400	200	-0.1	11707333
9	300	1400	244	-0.1	11748667
9	300	1400	270	-0.1	11602667
9	300	1400	300	-0.1	11410667
9	300	1400	350	-0.1	11670000
9	300	1400	400	-0.1	11076000
9	300	1400	450	-0.1	11345333
9	300	1200	1	-0.1	11019333
9	300	1200	10	-0.1	11040000
9	300	1200	100	-0.1	11271333
9	300	1200	200	-0.1	11562667
9	300	1200	244	-0.1	11795333
9	300	1200	270	-0.1	11522667
9	300	1200	300	-0.1	11476667
9	300	1200	350	-0.1	11827333
9	300	1200	400	-0.1	11233333
9	300	1200	450	-0.1	11282000
9	300	1000	1	-0.1	10967333
9	300	1000	10	-0.1	10674667
9	300	1000	100	-0.1	10953333
9	300	1000	200	-0.1	11440667
9	300	1000	244	-0.1	11686667
9	300	1000	270	-0.1	11414000
9	300	1000	300	-0.1	11464000
9	300	1000	350	-0.1	11671333
9	300	1000	400	-0.1	11084667
9	300	1000	450	-0.1	11186667
9	300	800	1	-0.1	10553333
9	300	800	10	-0.1	9821333
9	300	800	100	-0.1	10524000
9	300	800	200	-0.1	10778000
9	300	800	244	-0.1	11235333
9	300	800	270	-0.1	10957333
9	300	800	300	-0.1	10460667
9	300	800	350	-0.1	11249333
9	300	800	400	-0.1	10662667
9	300	800	450	-0.1	11012667
9	300	600	1	-0.1	10629333
9	300	600	10	-0.1	9391333
9	300	600	100	-0.1	10154000
9	300	600	200	-0.1	10699333
9	300	600	244	-0.1	11174000
9	300	600	270	-0.1	10902667
9	300	600	300	-0.1	10390000
9	300	600	350	-0.1	10909333
9	300	600	400	-0.1	10493333
9	300	600	450	-0.1	10756667
9	340	1400	1	-0.1	11288000
9	340	1400	10	-0.1	11271333
9	340	1400	100	-0.1	11222667
9	340	1400	200	-0.1	11869333
9	340	1400	244	-0.1	12018000
9	340	1400	270	-0.1	11962000
9	340	1400	300	-0.1	12068000
9	340	1400	350	-0.1	11728667
9	340	1400	400	-0.1	11188000
9	340	1400	450	-0.1	10898000
9	340	1200	1	-0.1	10948667
9	340	1200	10	-0.1	10994000
9	340	1200	100	-0.1	10937333
9	340	1200	200	-0.1	11665333
9	340	1200	244	-0.1	12048000
9	340	1200	270	-0.1	11950000
9	340	1200	300	-0.1	12008000
9	340	1200	350	-0.1	11749333
9	340	1200	400	-0.1	11208667
9	340	1200	450	-0.1	10834667
9	340	1000	1	-0.1	10628000
9	340	1000	10	-0.1	10502667
9	340	1000	100	-0.1	10547333
9	340	1000	200	-0.1	11544667
9	340	1000	244	-0.1	11789333
9	340	1000	270	-0.1	11691333
9	340	1000	300	-0.1	11847333
9	340	1000	350	-0.1	11574667
9	340	1000	400	-0.1	11041333
9	340	1000	450	-0.1	10638000
9	340	800	1	-0.1	10312667
9	340	800	10	-0.1	10326000
9	340	800	100	-0.1	10213333
9	340	800	200	-0.1	10861333
9	340	800	244	-0.1	10889333
9	340	800	270	-0.1	10924000
9	340	800	300	-0.1	11026000
9	340	800	350	-0.1	11447333
9	340	800	400	-0.1	10914000
9	340	800	450	-0.1	10352000
9	380	1400	1	-0.1	11256667
9	380	1400	10	-0.1	11503333
9	380	1400	100	-0.1	11560667
9	380	1400	200	-0.1	11721333
9	380	1400	244	-0.1	12019333
9	380	1400	270	-0.1	12122667
9	380	1400	300	-0.1	12246667
9	380	1400	350	-0.1	12092667
9	380	1400	400	-0.1	11670667
9	380	1400	450	-0.1	11162667
9	380	1200	1	-0.1	11034000
9	380	1200	10	-0.1	11323333
9	380	1200	100	-0.1	11622667
9	380	1200	200	-0.1	11802000
9	380	1200	244	-0.1	12133333
9	380	1200	270	-0.1	12223333
9	380	1200	300	-0.1	12341333
9	380	1200	350	-0.1	12266000
9	380	1200	400	-0.1	11844000
9	380	1200	450	-0.1	11084667
9	380	1000	1	-0.1	10662000
9	380	1000	10	-0.1	10255333
9	380	1000	100	-0.1	10976000
9	380	1000	200	-0.1	11636000
9	380	1000	244	-0.1	11906000
9	380	1000	270	-0.1	12127333
9	380	1000	300	-0.1	12167333
9	380	1000	350	-0.1	12037333
9	380	1000	400	-0.1	11496667
9	380	1000	450	-0.1	10818000
9	380	800	1	-0.1	10333333
9	380	800	10	-0.1	9732000
9	380	800	100	-0.1	10804000
9	380	800	200	-0.1	11137333
9	380	800	244	-0.1	11277333
9	380	800	270	-0.1	11510667
9	380	800	300	-0.1	11662000
9	380	800	350	-0.1	11835333
9	380	800	400	-0.1	11394000
9	380	800	450	-0.1	10632667
9	420	1400	1	-0.1	11542667
9	420	1400	10	-0.1	11282000
9	420	1400	100	-0.1	11262667
9	420	1400	200	-0.1	11928000
9	420	1400	244	-0.1	11972667
9	420	1400	270	-0.1	12074667
9	420	1400	300	-0.1	12270000
9	420	1400	350	-0.1	12310667
9	420	1400	400	-0.1	11888667
9	420	1400	450	-0.1	11615333
9	420	1200	1	-0.1	11367333
9	420	1200	10	-0.1	11000667
9	420	1200	100	-0.1	11338000
9	420	1200	200	-0.1	11492000
9	420	1200	244	-0.1	12047333
9	420	1200	270	-0.1	12005333
9	420	1200	300	-0.1	12343333
9	420	1200	350	-0.1	12319333
9	420	1200	400	-0.1	11897333
9	420	1200	450	-0.1	11440667
9	420	1000	1	-0.1	11201333
9	420	1000	10	-0.1	9668000
9	420	1000	100	-0.1	10781333
9	420	1000	200	-0.1	10934000
9	420	1000	244	-0.1	11822000
9	420	1000	270	-0.1	11833333
9	420	1000	300	-0.1	11958000
9	420	1000	350	-0.1	11919333
9	420	1000	400	-0.1	11406000
9	420	1000	450	-0.1	11122667
9	460	1400	1	-0.1	11423333
9	460	1400	10	-0.1	11142667
9	460	1400	100	-0.1	11233333
9	460	1400	200	-0.1	11782000
9	460	1400	244	-0.1	12233333
9	460	1400	270	-0.1	12256667
9	460	1400	300	-0.1	12566667
9	460	1400	350	-0.1	12150667
9	460	1400	400	-0.1	11718667
9	460	1400	450	-0.1	11514000
9	460	1200	1	-0.1	11236667
9	460	1200	10	-0.1	10663333
9	460	1200	100	-0.1	11186000
9	460	1200	200	-0.1	11531333
9	460	1200	244	-0.1	12097333
9	460	1200	270	-0.1	12059333
9	460	1200	300	-0.1	12632000
9	460	1200	350	-0.1	12198667
9	460	1200	400	-0.1	11766667
9	460	1200	450	-0.1	11288000
9	460	1000	1	-0.1	11167333
9	460	1000	10	-0.1	9359333
9	460	1000	100	-0.1	10750667
9	460	1000	200	-0.1	11112667
9	460	1000	244	-0.1	11863333
9	460	1000	270	-0.1	11961333
9	460	1000	300	-0.1	12433333
9	460	1000	350	-0.1	12050667
9	460	1000	400	-0.1	11429333
9	460	1000	450	-0.1	11108667
9	500	1400	1	-0.1	11435333
9	500	1400	10	-0.1	11238000
9	500	1400	100	-0.1	11317333
9	500	1400	200	-0.1	11749333
9	500	1400	244	-0.1	11945333
9	500	1400	270	-0.1	11772667
9	500	1400	300	-0.1	11840667
9	500	1400	350	-0.1	11920000
9	500	1400	400	-0.1	11811333
9	500	1400	450	-0.1	11484000
9	500	1200	1	-0.1	11198667
9	500	1200	10	-0.1	11180667
9	500	1200	100	-0.1	11340000
9	500	1200	200	-0.1	11641333
9	500	1200	244	-0.1	11775333
9	500	1200	270	-0.1	11638000
9	500	1200	300	-0.1	11826000
9	500	1200	350	-0.1	11890000
9	500	1200	400	-0.1	11781333
9	500	1200	450	-0.1	11421333
9	500	1000	1	-0.1	10920000
9	500	1000	10	-0.1	10479333
9	500	1000	100	-0.1	10906667
9	500	1000	200	-0.1	11350667
9	500	1000	244	-0.1	11624667
9	500	1000	270	-0.1	11666000
9	500	1000	300	-0.1	11888000
9	500	1000	350	-0.1	11656000
9	500	1000	400	-0.1	11596000
9	500	1000	450	-0.1	11227333
