max_depth	minbucket	min_split	cp	ganancia_promedio
5	320	800	-0.03	4624667
5	320	800	-0.07	4624667
5	320	800	-0.1	4624667
5	320	810	-0.03	4624667
5	320	810	-0.07	4624667
5	320	810	-0.1	4624667
5	320	820	-0.03	4624667
5	320	820	-0.07	4624667
5	320	820	-0.1	4624667
5	320	830	-0.03	4624667
5	320	830	-0.07	4624667
5	320	830	-0.1	4624667
5	320	840	-0.03	4624667
5	320	840	-0.07	4624667
5	320	840	-0.1	4624667
5	320	850	-0.03	4624667
5	320	850	-0.07	4624667
5	320	850	-0.1	4624667
5	320	860	-0.03	4624667
5	320	860	-0.07	4624667
5	320	860	-0.1	4624667
5	320	870	-0.03	4624667
5	320	870	-0.07	4624667
5	320	870	-0.1	4624667
5	325	800	-0.03	4618000
5	325	800	-0.07	4618000
5	325	800	-0.1	4618000
5	325	810	-0.03	4618000
5	325	810	-0.07	4618000
5	325	810	-0.1	4618000
5	325	820	-0.03	4618000
5	325	820	-0.07	4618000
5	325	820	-0.1	4618000
5	325	830	-0.03	4618000
5	325	830	-0.07	4618000
5	325	830	-0.1	4618000
5	325	840	-0.03	4618000
5	325	840	-0.07	4618000
5	325	840	-0.1	4618000
5	325	850	-0.03	4618000
5	325	850	-0.07	4618000
5	325	850	-0.1	4618000
5	325	860	-0.03	4618000
5	325	860	-0.07	4618000
5	325	860	-0.1	4618000
5	325	870	-0.03	4618000
5	325	870	-0.07	4618000
5	325	870	-0.1	4618000
5	330	800	-0.03	4606667
5	330	800	-0.07	4606667
5	330	800	-0.1	4606667
5	330	810	-0.03	4606667
5	330	810	-0.07	4606667
5	330	810	-0.1	4606667
5	330	820	-0.03	4606667
5	330	820	-0.07	4606667
5	330	820	-0.1	4606667
5	330	830	-0.03	4606667
5	330	830	-0.07	4606667
5	330	830	-0.1	4606667
5	330	840	-0.03	4606667
5	330	840	-0.07	4606667
5	330	840	-0.1	4606667
5	330	850	-0.03	4606667
5	330	850	-0.07	4606667
5	330	850	-0.1	4606667
5	330	860	-0.03	4606667
5	330	860	-0.07	4606667
5	330	860	-0.1	4606667
5	330	870	-0.03	4606667
5	330	870	-0.07	4606667
5	330	870	-0.1	4606667
5	335	800	-0.03	4601333
5	335	800	-0.07	4601333
5	335	800	-0.1	4601333
5	335	810	-0.03	4601333
5	335	810	-0.07	4601333
5	335	810	-0.1	4601333
5	335	820	-0.03	4601333
5	335	820	-0.07	4601333
5	335	820	-0.1	4601333
5	335	830	-0.03	4601333
5	335	830	-0.07	4601333
5	335	830	-0.1	4601333
5	335	840	-0.03	4601333
5	335	840	-0.07	4601333
5	335	840	-0.1	4601333
5	335	850	-0.03	4601333
5	335	850	-0.07	4601333
5	335	850	-0.1	4601333
5	335	860	-0.03	4601333
5	335	860	-0.07	4601333
5	335	860	-0.1	4601333
5	335	870	-0.03	4601333
5	335	870	-0.07	4601333
5	335	870	-0.1	4601333
5	340	800	-0.03	4603333
5	340	800	-0.07	4603333
5	340	800	-0.1	4603333
5	340	810	-0.03	4603333
5	340	810	-0.07	4603333
5	340	810	-0.1	4603333
5	340	820	-0.03	4603333
5	340	820	-0.07	4603333
5	340	820	-0.1	4603333
5	340	830	-0.03	4603333
5	340	830	-0.07	4603333
5	340	830	-0.1	4603333
5	340	840	-0.03	4603333
5	340	840	-0.07	4603333
5	340	840	-0.1	4603333
5	340	850	-0.03	4603333
5	340	850	-0.07	4603333
5	340	850	-0.1	4603333
5	340	860	-0.03	4603333
5	340	860	-0.07	4603333
5	340	860	-0.1	4603333
5	340	870	-0.03	4603333
5	340	870	-0.07	4603333
5	340	870	-0.1	4603333
5	345	800	-0.03	4585333
5	345	800	-0.07	4585333
5	345	800	-0.1	4585333
5	345	810	-0.03	4585333
5	345	810	-0.07	4585333
5	345	810	-0.1	4585333
5	345	820	-0.03	4585333
5	345	820	-0.07	4585333
5	345	820	-0.1	4585333
5	345	830	-0.03	4585333
5	345	830	-0.07	4585333
5	345	830	-0.1	4585333
5	345	840	-0.03	4585333
5	345	840	-0.07	4585333
5	345	840	-0.1	4585333
5	345	850	-0.03	4585333
5	345	850	-0.07	4585333
5	345	850	-0.1	4585333
5	345	860	-0.03	4585333
5	345	860	-0.07	4585333
5	345	860	-0.1	4585333
5	345	870	-0.03	4585333
5	345	870	-0.07	4585333
5	345	870	-0.1	4585333
5	350	800	-0.03	4612000
5	350	800	-0.07	4612000
5	350	800	-0.1	4612000
5	350	810	-0.03	4612000
5	350	810	-0.07	4612000
5	350	810	-0.1	4612000
5	350	820	-0.03	4612000
5	350	820	-0.07	4612000
5	350	820	-0.1	4612000
5	350	830	-0.03	4612000
5	350	830	-0.07	4612000
5	350	830	-0.1	4612000
5	350	840	-0.03	4612000
5	350	840	-0.07	4612000
5	350	840	-0.1	4612000
5	350	850	-0.03	4612000
5	350	850	-0.07	4612000
5	350	850	-0.1	4612000
5	350	860	-0.03	4612000
5	350	860	-0.07	4612000
5	350	860	-0.1	4612000
5	350	870	-0.03	4612000
5	350	870	-0.07	4612000
5	350	870	-0.1	4612000
6	320	800	-0.03	4856667
6	320	800	-0.07	4856667
6	320	800	-0.1	4856667
6	320	810	-0.03	4856667
6	320	810	-0.07	4856667
6	320	810	-0.1	4856667
6	320	820	-0.03	4929333
6	320	820	-0.07	4929333
6	320	820	-0.1	4929333
6	320	830	-0.03	4929333
6	320	830	-0.07	4929333
6	320	830	-0.1	4929333
6	320	840	-0.03	4817333
6	320	840	-0.07	4817333
6	320	840	-0.1	4817333
6	320	850	-0.03	4817333
6	320	850	-0.07	4817333
6	320	850	-0.1	4817333
6	320	860	-0.03	4817333
6	320	860	-0.07	4817333
6	320	860	-0.1	4817333
6	320	870	-0.03	4817333
6	320	870	-0.07	4817333
6	320	870	-0.1	4817333
6	325	800	-0.03	4829333
6	325	800	-0.07	4829333
6	325	800	-0.1	4829333
6	325	810	-0.03	4829333
6	325	810	-0.07	4829333
6	325	810	-0.1	4829333
6	325	820	-0.03	4902000
6	325	820	-0.07	4902000
6	325	820	-0.1	4902000
6	325	830	-0.03	4902000
6	325	830	-0.07	4902000
6	325	830	-0.1	4902000
6	325	840	-0.03	4790000
6	325	840	-0.07	4790000
6	325	840	-0.1	4790000
6	325	850	-0.03	4790000
6	325	850	-0.07	4790000
6	325	850	-0.1	4790000
6	325	860	-0.03	4790000
6	325	860	-0.07	4790000
6	325	860	-0.1	4790000
6	325	870	-0.03	4790000
6	325	870	-0.07	4790000
6	325	870	-0.1	4790000
6	330	800	-0.03	4814667
6	330	800	-0.07	4814667
6	330	800	-0.1	4814667
6	330	810	-0.03	4814667
6	330	810	-0.07	4814667
6	330	810	-0.1	4814667
6	330	820	-0.03	4887333
6	330	820	-0.07	4887333
6	330	820	-0.1	4887333
6	330	830	-0.03	4887333
6	330	830	-0.07	4887333
6	330	830	-0.1	4887333
6	330	840	-0.03	4775333
6	330	840	-0.07	4775333
6	330	840	-0.1	4775333
6	330	850	-0.03	4775333
6	330	850	-0.07	4775333
6	330	850	-0.1	4775333
6	330	860	-0.03	4775333
6	330	860	-0.07	4775333
6	330	860	-0.1	4775333
6	330	870	-0.03	4775333
6	330	870	-0.07	4775333
6	330	870	-0.1	4775333
6	335	800	-0.03	4842667
6	335	800	-0.07	4842667
6	335	800	-0.1	4842667
6	335	810	-0.03	4842667
6	335	810	-0.07	4842667
6	335	810	-0.1	4842667
6	335	820	-0.03	4915333
6	335	820	-0.07	4915333
6	335	820	-0.1	4915333
6	335	830	-0.03	4915333
6	335	830	-0.07	4915333
6	335	830	-0.1	4915333
6	335	840	-0.03	4803333
6	335	840	-0.07	4803333
6	335	840	-0.1	4803333
6	335	850	-0.03	4803333
6	335	850	-0.07	4803333
6	335	850	-0.1	4803333
6	335	860	-0.03	4803333
6	335	860	-0.07	4803333
6	335	860	-0.1	4803333
6	335	870	-0.03	4803333
6	335	870	-0.07	4803333
6	335	870	-0.1	4803333
6	340	800	-0.03	4858667
6	340	800	-0.07	4858667
6	340	800	-0.1	4858667
6	340	810	-0.03	4858667
6	340	810	-0.07	4858667
6	340	810	-0.1	4858667
6	340	820	-0.03	4931333
6	340	820	-0.07	4931333
6	340	820	-0.1	4931333
6	340	830	-0.03	4931333
6	340	830	-0.07	4931333
6	340	830	-0.1	4931333
6	340	840	-0.03	4819333
6	340	840	-0.07	4819333
6	340	840	-0.1	4819333
6	340	850	-0.03	4819333
6	340	850	-0.07	4819333
6	340	850	-0.1	4819333
6	340	860	-0.03	4819333
6	340	860	-0.07	4819333
6	340	860	-0.1	4819333
6	340	870	-0.03	4819333
6	340	870	-0.07	4819333
6	340	870	-0.1	4819333
6	345	800	-0.03	4912000
6	345	800	-0.07	4912000
6	345	800	-0.1	4912000
6	345	810	-0.03	4912000
6	345	810	-0.07	4912000
6	345	810	-0.1	4912000
6	345	820	-0.03	4984667
6	345	820	-0.07	4984667
6	345	820	-0.1	4984667
6	345	830	-0.03	4984667
6	345	830	-0.07	4984667
6	345	830	-0.1	4984667
6	345	840	-0.03	4874667
6	345	840	-0.07	4874667
6	345	840	-0.1	4874667
6	345	850	-0.03	4874667
6	345	850	-0.07	4874667
6	345	850	-0.1	4874667
6	345	860	-0.03	4874667
6	345	860	-0.07	4874667
6	345	860	-0.1	4874667
6	345	870	-0.03	4874667
6	345	870	-0.07	4874667
6	345	870	-0.1	4874667
6	350	800	-0.03	4750667
6	350	800	-0.07	4750667
6	350	800	-0.1	4750667
6	350	810	-0.03	4750667
6	350	810	-0.07	4750667
6	350	810	-0.1	4750667
6	350	820	-0.03	4823333
6	350	820	-0.07	4823333
6	350	820	-0.1	4823333
6	350	830	-0.03	4823333
6	350	830	-0.07	4823333
6	350	830	-0.1	4823333
6	350	840	-0.03	4823333
6	350	840	-0.07	4823333
6	350	840	-0.1	4823333
6	350	850	-0.03	4823333
6	350	850	-0.07	4823333
6	350	850	-0.1	4823333
6	350	860	-0.03	4823333
6	350	860	-0.07	4823333
6	350	860	-0.1	4823333
6	350	870	-0.03	4823333
6	350	870	-0.07	4823333
6	350	870	-0.1	4823333
7	320	800	-0.03	4504000
7	320	800	-0.07	4504000
7	320	800	-0.1	4504000
7	320	810	-0.03	4504000
7	320	810	-0.07	4504000
7	320	810	-0.1	4504000
7	320	820	-0.03	4576667
7	320	820	-0.07	4576667
7	320	820	-0.1	4576667
7	320	830	-0.03	4576667
7	320	830	-0.07	4576667
7	320	830	-0.1	4576667
7	320	840	-0.03	4464667
7	320	840	-0.07	4464667
7	320	840	-0.1	4464667
7	320	850	-0.03	4464667
7	320	850	-0.07	4464667
7	320	850	-0.1	4464667
7	320	860	-0.03	4464667
7	320	860	-0.07	4464667
7	320	860	-0.1	4464667
7	320	870	-0.03	4464667
7	320	870	-0.07	4464667
7	320	870	-0.1	4464667
7	325	800	-0.03	4516667
7	325	800	-0.07	4516667
7	325	800	-0.1	4516667
7	325	810	-0.03	4516667
7	325	810	-0.07	4516667
7	325	810	-0.1	4516667
7	325	820	-0.03	4589333
7	325	820	-0.07	4589333
7	325	820	-0.1	4589333
7	325	830	-0.03	4589333
7	325	830	-0.07	4589333
7	325	830	-0.1	4589333
7	325	840	-0.03	4477333
7	325	840	-0.07	4477333
7	325	840	-0.1	4477333
7	325	850	-0.03	4477333
7	325	850	-0.07	4477333
7	325	850	-0.1	4477333
7	325	860	-0.03	4477333
7	325	860	-0.07	4477333
7	325	860	-0.1	4477333
7	325	870	-0.03	4477333
7	325	870	-0.07	4477333
7	325	870	-0.1	4477333
7	330	800	-0.03	4499333
7	330	800	-0.07	4499333
7	330	800	-0.1	4499333
7	330	810	-0.03	4499333
7	330	810	-0.07	4499333
7	330	810	-0.1	4499333
7	330	820	-0.03	4572000
7	330	820	-0.07	4572000
7	330	820	-0.1	4572000
7	330	830	-0.03	4572000
7	330	830	-0.07	4572000
7	330	830	-0.1	4572000
7	330	840	-0.03	4460000
7	330	840	-0.07	4460000
7	330	840	-0.1	4460000
7	330	850	-0.03	4460000
7	330	850	-0.07	4460000
7	330	850	-0.1	4460000
7	330	860	-0.03	4460000
7	330	860	-0.07	4460000
7	330	860	-0.1	4460000
7	330	870	-0.03	4460000
7	330	870	-0.07	4460000
7	330	870	-0.1	4460000
7	335	800	-0.03	4509333
7	335	800	-0.07	4509333
7	335	800	-0.1	4509333
7	335	810	-0.03	4509333
7	335	810	-0.07	4509333
7	335	810	-0.1	4509333
7	335	820	-0.03	4582000
7	335	820	-0.07	4582000
7	335	820	-0.1	4582000
7	335	830	-0.03	4582000
7	335	830	-0.07	4582000
7	335	830	-0.1	4582000
7	335	840	-0.03	4470000
7	335	840	-0.07	4470000
7	335	840	-0.1	4470000
7	335	850	-0.03	4470000
7	335	850	-0.07	4470000
7	335	850	-0.1	4470000
7	335	860	-0.03	4470000
7	335	860	-0.07	4470000
7	335	860	-0.1	4470000
7	335	870	-0.03	4470000
7	335	870	-0.07	4470000
7	335	870	-0.1	4470000
7	340	800	-0.03	4632667
7	340	800	-0.07	4632667
7	340	800	-0.1	4632667
7	340	810	-0.03	4632667
7	340	810	-0.07	4632667
7	340	810	-0.1	4632667
7	340	820	-0.03	4705333
7	340	820	-0.07	4705333
7	340	820	-0.1	4705333
7	340	830	-0.03	4705333
7	340	830	-0.07	4705333
7	340	830	-0.1	4705333
7	340	840	-0.03	4593333
7	340	840	-0.07	4593333
7	340	840	-0.1	4593333
7	340	850	-0.03	4593333
7	340	850	-0.07	4593333
7	340	850	-0.1	4593333
7	340	860	-0.03	4593333
7	340	860	-0.07	4593333
7	340	860	-0.1	4593333
7	340	870	-0.03	4593333
7	340	870	-0.07	4593333
7	340	870	-0.1	4593333
7	345	800	-0.03	4684000
7	345	800	-0.07	4684000
7	345	800	-0.1	4684000
7	345	810	-0.03	4684000
7	345	810	-0.07	4684000
7	345	810	-0.1	4684000
7	345	820	-0.03	4756667
7	345	820	-0.07	4756667
7	345	820	-0.1	4756667
7	345	830	-0.03	4756667
7	345	830	-0.07	4756667
7	345	830	-0.1	4756667
7	345	840	-0.03	4646667
7	345	840	-0.07	4646667
7	345	840	-0.1	4646667
7	345	850	-0.03	4646667
7	345	850	-0.07	4646667
7	345	850	-0.1	4646667
7	345	860	-0.03	4646667
7	345	860	-0.07	4646667
7	345	860	-0.1	4646667
7	345	870	-0.03	4646667
7	345	870	-0.07	4646667
7	345	870	-0.1	4646667
7	350	800	-0.03	4553333
7	350	800	-0.07	4553333
7	350	800	-0.1	4553333
7	350	810	-0.03	4553333
7	350	810	-0.07	4553333
7	350	810	-0.1	4553333
7	350	820	-0.03	4626000
7	350	820	-0.07	4626000
7	350	820	-0.1	4626000
7	350	830	-0.03	4626000
7	350	830	-0.07	4626000
7	350	830	-0.1	4626000
7	350	840	-0.03	4626000
7	350	840	-0.07	4626000
7	350	840	-0.1	4626000
7	350	850	-0.03	4626000
7	350	850	-0.07	4626000
7	350	850	-0.1	4626000
7	350	860	-0.03	4626000
7	350	860	-0.07	4626000
7	350	860	-0.1	4626000
7	350	870	-0.03	4626000
7	350	870	-0.07	4626000
7	350	870	-0.1	4626000
