fecha	gamma	alpha	lambda	subsample	tree_method	grow_policy	max_bin	max_leaves	scale_pos_weight	eta	colsample_bytree	min_child_weight	max_depth	prob_corte	nrounds	ganancia	iteracion
20220531 174857	0	0	0	1	auto	depthwise	256	0	1	0.0652354344417108	0.715775754125789	3	5	0.0353933094253686	117	9998000	1
20220531 175820	0	0	0	1	auto	depthwise	256	0	1	0.091655412804801	0.87002083373256	5	14	0.0275282673280647	34	11106000	2
20220531 180218	0	0	0	1	auto	depthwise	256	0	1	0.149089661004371	0.412358383676037	9	24	0.014035064173125	20	12491000	3
20220531 180613	0	0	0	1	auto	depthwise	256	0	1	0.166865744823939	0.484300829498097	7	18	0.0482926437117082	17	7123000	4
20220531 181055	0	0	0	1	auto	depthwise	256	0	1	0.17893140291993	0.592606131834909	2	16	0.0388192836316496	10	6387000	5
20220531 181502	0	0	0	1	auto	depthwise	256	0	1	0.260142526582233	0.932298940271139	0	26	0.0318277053166336	1	3176000	6
20220531 181722	0	0	0	1	auto	depthwise	256	0	1	0.189605938228429	0.520070635518059	6	7	0.0147695048707343	17	11742000	7
20220531 182139	0	0	0	1	auto	depthwise	256	0	1	0.120358216911205	0.607632679035887	10	8	0.029223862355866	53	11099000	8
20220531 182638	0	0	0	1	auto	depthwise	256	0	1	0.222413195372676	0.741886124936864	2	17	0.00920309948414797	3	9677000	9
20220531 183715	0	0	0	1	auto	depthwise	256	0	1	0.0379642297134269	0.341254339637235	1	20	0.0422380616058945	79	6320000	10
20220531 184128	0	0	0	1	auto	depthwise	256	0	1	0.255735778139206	0.836820675209165	8	11	0.0182349396127393	16	11060000	11
20220531 184544	0	0	0	1	auto	depthwise	256	0	1	0.210587764930562	0.648713761428371	10	28	0.0244274872505533	14	10609000	12
20220531 184817	0	0	0	1	auto	depthwise	256	0	1	0.1282330294844	0.237924317279831	8	13	0.0411782622216075	43	8030000	13
20220531 185834	0	0	0	1	auto	depthwise	256	0	1	0.0728467426460702	0.761862363759428	0	23	0.0210174952968373	4	1122000	14
20220531 190117	0	0	0	1	auto	depthwise	256	0	1	0.238945366009022	0.303416359126568	4	30	0.0270036751273437	9	9161000	15
20220531 190838	0	0	0	1	auto	depthwise	256	0	1	0.0461876232494833	0.889851525183767	4	2	0.0370004996982364	422	10311000	16
20220531 191011	0	0	0	1	auto	depthwise	256	0	1	0.110024488419993	0.248142626434565	5	3	0.0118470618399442	108	12825000	17
20220531 191604	0	0	0	1	auto	depthwise	256	0	1	0.275007803725079	0.97428620453924	6	21	0.0442534420615023	7	7092000	18
20220531 191806	0	0	0	1	auto	depthwise	256	0	1	0.288634386049933	0.398106985073537	1	10	0.0468905761493564	2	6067000	19
20220531 194512	0	0	0	1	auto	depthwise	256	0	1	0.0158110893792473	0.467323732739314	9	26	0.0188238350548393	305	13173000	20
20220531 200947	0	0	0	1	auto	depthwise	256	0	1	0.0100462909040232	0.54806613040174	9	12	0.0115913645683618	164	13097000	21
20220531 202348	0	0	0	1	auto	depthwise	256	0	1	0.0114367029623324	0.593205445263037	4	2	0.00834711388819086	1005	11524000	22
20220531 203731	0	0	0	1	auto	depthwise	256	0	1	0.0100000265705861	0.200226068694795	9	7	0.0172406058814894	607	13289000	23
20220531 205553	0	0	0	1	auto	depthwise	256	0	1	0.0100143913333648	0.201267366555437	8	18	0.0132422074274043	421	13303000	24
20220531 211446	0	0	0	1	auto	depthwise	256	0	1	0.0100000617292256	0.241054480326555	9	18	0.0153235130309202	349	13364000	25
20220531 212729	0	0	0	1	auto	depthwise	256	0	1	0.0106567863957935	0.211948385252642	6	25	0.00834792370512906	38	12239000	26
20220531 215230	0	0	0	1	auto	depthwise	256	0	1	0.01004111779988	0.389275423216883	8	12	0.0171340840966864	366	13110000	27
20220531 220326	0	0	0	1	auto	depthwise	256	0	1	0.0100689525819782	0.200694177132251	9	30	0.00940613475714415	51	12276000	28
20220601 001413	0	0	0	1	auto	depthwise	256	0	1	0.0100311265917721	0.826177191813647	9	19	0.0164143477635569	259	13080000	29
20220601 003643	0	0	0	1	auto	depthwise	256	0	1	0.0100000903977448	0.458780293196942	10	11	0.0172322261826815	255	13155000	30
20220601 004628	0	0	0	1	auto	depthwise	256	0	1	0.0100737204512383	0.37350869961938	9	2	0.0144398110842759	885	13253000	31
20220601 004931	0	0	0	1	auto	depthwise	256	0	1	0.0322420906753417	0.200014685937285	7	2	0.0119676204224563	431	13081000	32
20220601 012235	0	0	0	1	auto	depthwise	256	0	1	0.0100649010174941	0.413463605509298	9	16	0.0192539809739786	516	12808000	33
20220601 012719	0	0	0	1	auto	depthwise	256	0	1	0.0245794581468447	0.200414838264167	10	6	0.0131224839585537	186	13170000	34
20220601 020640	0	0	0	1	auto	depthwise	256	0	1	0.0100099040414025	0.579356286743991	9	30	0.0156677216676492	276	13121000	35
20220601 021427	0	0	0	1	auto	depthwise	256	0	1	0.0212893357695377	0.200263969694952	8	8	0.0139126834953721	318	13073000	36
20220601 031121	0	0	0	1	auto	depthwise	256	0	1	0.0141726992218546	0.200006646770035	8	25	0.0165700632582284	233	12978000	37
20220601 031850	0	0	0	1	auto	depthwise	256	0	1	0.0203189298845238	0.216672825465957	8	8	0.0132463636475225	229	13224000	38
20220601 034814	0	0	0	1	auto	depthwise	256	0	1	0.0100098938327118	0.478925993715396	10	23	0.0140945674438979	225	13772000	39
20220601 035710	0	0	0	1	auto	depthwise	256	0	1	0.0104043634871268	0.205807604193423	6	2	0.0285871091049406	1271	12079000	40
20220601 045151	0	0	0	1	auto	depthwise	256	0	1	0.0103959878434985	0.988133481327092	10	25	0.0125989148792561	212	13271000	41
20220601 052822	0	0	0	1	auto	depthwise	256	0	1	0.0100443465377426	0.630486360812973	10	24	0.0130847638092718	210	13494000	42
20220601 062430	0	0	0	1	auto	depthwise	256	0	1	0.0100951890708108	0.997664423387078	7	22	0.0113824442157173	140	13152000	43
20220601 064831	0	0	0	1	auto	depthwise	256	0	1	0.0100772705175569	0.358577202091622	10	25	0.0142861286897015	264	13584000	44
20220601 065432	0	0	0	1	auto	depthwise	256	0	1	0.29920797716716	0.98698235193094	5	22	0.00836306787354136	6	9382000	45
20220601 070734	0	0	0	1	auto	depthwise	256	0	1	0.0243090485106915	0.486550009150384	8	22	0.0125411130541026	63	13261000	46
20220601 071853	0	0	0	1	auto	depthwise	256	0	1	0.0111094978571999	0.200073328419128	5	4	0.0143943483008642	896	13531000	47
20220601 072704	0	0	0	1	auto	depthwise	256	0	1	0.011101935899339	0.201396547271315	6	2	0.017261946677317	1173	13120000	48
20220601 074734	0	0	0	1	auto	depthwise	256	0	1	0.0101241600060711	0.200600004834927	5	14	0.0124812090813601	521	13026000	49
20220601 081403	0	0	0	1	auto	depthwise	256	0	1	0.0102110994643628	0.999607910651142	7	3	0.0143033546477533	804	13257000	50
20220601 092541	0	0	0	1	auto	depthwise	256	0	1	0.0100211381555783	0.99974791463895	8	30	0.0299826730054635	297	10092000	51
20220601 092755	0	0	0	1	auto	depthwise	256	0	1	0.0444020180178627	0.200074886392852	4	2	0.0152843794814638	265	12679000	52
20220601 095652	0	0	0	1	auto	depthwise	256	0	1	0.0102252825349068	0.497493713039171	10	23	0.0150044400390473	208	13543000	53
20220601 104929	0	0	0	1	auto	depthwise	256	0	1	0.0106017238653133	0.998370586894902	9	21	0.0137554007508081	168	13043000	54
20220601 111314	0	0	0	1	auto	depthwise	256	0	1	0.0101329711026105	0.984834030302599	5	2	0.0139330754017892	1154	13252000	55
20220601 112759	0	0	0	1	auto	depthwise	256	0	1	0.0100044487605739	0.452822100596263	6	2	0.0136058596735145	1264	13130000	56
20220601 115531	0	0	0	1	auto	depthwise	256	0	1	0.010326816331525	0.446574640427103	10	21	0.0134477490864258	254	13465000	57
20220601 124432	0	0	0	1	auto	depthwise	256	0	1	0.0102571753164379	0.997803034207274	7	2	0.025626227155141	3050	12444000	58
20220601 132650	0	0	0	1	auto	depthwise	256	0	1	0.0105250655280684	0.815106989973301	10	27	0.0140974443704482	164	13224000	59
20220601 132750	0	0	0	1	auto	depthwise	256	0	1	0.299079524188766	0.224558236799512	7	2	0.0271504553753639	92	11825000	60
20220601 134802	0	0	0	1	auto	depthwise	256	0	1	0.010600611142417	0.986096560784052	10	2	0.0178011935839792	978	12800000	61
20220601 143038	0	0	0	1	auto	depthwise	256	0	1	0.0111853214171934	0.99890336248152	10	20	0.00835457562731931	106	11983000	62
20220601 143550	0	0	0	1	auto	depthwise	256	0	1	0.150129014111614	0.91190566806919	7	2	0.0320704955363763	312	11001000	63
20220601 150926	0	0	0	1	auto	depthwise	256	0	1	0.0102991130287108	0.499291819004719	7	24	0.0141879362863868	208	13219000	64
20220601 154539	0	0	0	1	auto	depthwise	256	0	1	0.010852837969088	0.988081746848505	6	6	0.0170805137085481	468	12827000	65
20220601 160523	0	0	0	1	auto	depthwise	256	0	1	0.0100197234392352	0.999773293320132	6	3	0.0112927750466171	435	12905000	66
20220601 163256	0	0	0	1	auto	depthwise	256	0	1	0.0101423998088331	0.427205221907777	9	24	0.0140290361947742	216	13626000	67
20220601 163349	0	0	0	1	auto	depthwise	256	0	1	0.28966305691407	0.200464259718373	10	2	0.0141840847019422	77	13128000	68
20220601 164243	0	0	0	1	auto	depthwise	256	0	1	0.0252977296713912	0.20104231260474	10	13	0.0143008502388533	295	13376000	69
20220601 164329	0	0	0	1	auto	depthwise	256	0	1	0.299664008089394	0.200167173524381	10	2	0.0103041369336019	72	12317000	70
20220601 164438	0	0	0	1	auto	depthwise	256	0	1	0.151691490099407	0.225816888532233	10	2	0.016643444869515	106	13208000	71
20220601 171150	0	0	0	1	auto	depthwise	256	0	1	0.0102594128906908	0.61119765950124	8	2	0.0176556997613811	2371	12939000	72
20220601 172856	0	0	0	1	auto	depthwise	256	0	1	0.0103602185045109	0.20027630271056	9	26	0.0258189185004303	340	12125000	73
20220601 175829	0	0	0	1	auto	depthwise	256	0	1	0.010067791417914	0.51366651683402	10	26	0.0116607080308426	173	13244000	74
20220601 180110	0	0	0	1	auto	depthwise	256	0	1	0.137002501488194	0.998958592464092	10	2	0.0121878178594432	97	12775000	75
20220601 183351	0	0	0	1	auto	depthwise	256	0	1	0.0100892544613213	0.494432910900596	10	25	0.0174113584543675	280	13297000	76
20220601 190454	0	0	0	1	auto	depthwise	256	0	1	0.0100590420130215	0.792982216618129	10	9	0.01412863277746	236	13368000	77
20220601 190620	0	0	0	1	auto	depthwise	256	0	1	0.100238888683772	0.200480444780809	5	2	0.0247482255405357	154	12090000	78
20220601 190734	0	0	0	1	auto	depthwise	256	0	1	0.262244405576173	0.200200720989606	10	2	0.0230403405455006	169	12059000	79
20220601 191017	0	0	0	1	auto	depthwise	256	0	1	0.0774265253075201	0.53026855194394	10	5	0.0142095236147836	31	13028000	80
20220601 195252	0	0	0	1	auto	depthwise	256	0	1	0.0100473716951165	0.874926946058301	7	13	0.0124011047403804	200	13313000	81
20220601 195343	0	0	0	1	auto	depthwise	256	0	1	0.298477722976387	0.202147703214602	10	2	0.034304342412753	72	10044000	82
20220601 205517	0	0	0	1	auto	depthwise	256	0	1	0.0100803355676526	0.865188442506723	5	30	0.0108166349416944	157	12607000	83
20220601 210321	0	0	0	1	auto	depthwise	256	0	1	0.0103443680895138	0.201505839518753	0	2	0.00972656805014169	1080	12300000	84
20220601 212528	0	0	0	1	auto	depthwise	256	0	1	0.0124207385158421	0.993892139581619	10	2	0.0499950648894687	1178	7321000	85
20220601 214331	0	0	0	1	auto	depthwise	256	0	1	0.0126922869692951	0.221700282974768	10	30	0.0193736341227427	425	12967000	86
20220601 214429	0	0	0	1	auto	depthwise	256	0	1	0.290282308064487	0.201751313510387	0	2	0.00834069237612197	91	11235000	87
20220601 220803	0	0	0	1	auto	depthwise	256	0	1	0.0105011531502968	0.956791517547011	10	2	0.0351860058223386	1264	10829000	88
20220601 221429	0	0	0	1	auto	depthwise	256	0	1	0.0100073072458858	0.200886514680137	3	2	0.011605694508517	727	12745000	89
20220601 222544	0	0	0	1	auto	depthwise	256	0	1	0.0109067792734853	0.224497961469732	10	2	0.0253942277762696	1689	12718000	90
20220601 224741	0	0	0	1	auto	depthwise	256	0	1	0.0101652440935969	0.989666844658971	10	2	0.0268621815906954	1055	11829000	91
20220601 231611	0	0	0	1	auto	depthwise	256	0	1	0.0111077042270326	0.283677055005635	0	30	0.00833347355000921	141	3181000	92
20220602 001858	0	0	0	1	auto	depthwise	256	0	1	0.0100925420762449	0.996515916884811	7	30	0.0124582416750444	165	13020000	93
20220602 003343	0	0	0	1	auto	depthwise	256	0	1	0.0102506545603924	0.997853124347611	1	2	0.0117311030263995	495	12689000	94
20220602 011645	0	0	0	1	auto	depthwise	256	0	1	0.0101229859204886	0.954150467351217	5	11	0.0123630108657904	187	12830000	95
20220602 011858	0	0	0	1	auto	depthwise	256	0	1	0.216734610979682	0.998664061576672	2	2	0.0111651397365441	73	12462000	96
20220602 012920	0	0	0	1	auto	depthwise	256	0	1	0.0150079722845252	0.241956875298017	10	23	0.0137024700373001	109	13110000	97
20220602 015736	0	0	0	1	auto	depthwise	256	0	1	0.0147930591490369	0.658234997583229	8	17	0.0141634182941742	178	13662000	98
20220602 023536	0	0	0	1	auto	depthwise	256	0	1	0.0103195117705922	0.757187554495724	10	17	0.0140553059898717	185	13531000	99
20220602 031549	0	0	0	1	auto	depthwise	256	0	1	0.0100924323201526	0.773389822025319	7	30	0.00846046090672804	41	12250000	100
20220602 031637	0	0	0	1	auto	depthwise	256	0	1	0.299787654687205	0.200021630992076	2	2	0.0128828626103926	59	12802000	101
20220602 034940	0	0	0	1	auto	depthwise	256	0	1	0.0100905965824135	0.346561254142658	8	30	0.0211661382876082	436	12364000	102
20220602 042628	0	0	0	1	auto	depthwise	256	0	1	0.011119478940994	0.984999072637037	4	2	0.0290002169204139	2182	11871000	103
20220602 043240	0	0	0	1	auto	depthwise	256	0	1	0.0206908743552769	0.2011594897914	8	3	0.0156350065174715	660	13568000	104
20220602 045307	0	0	0	1	auto	depthwise	256	0	1	0.0133257693623868	0.44652141843787	8	17	0.0140284781895648	157	13288000	105
20220602 053923	0	0	0	1	auto	depthwise	256	0	1	0.0101815742164716	0.728051710520966	8	23	0.0139967223573896	227	13096000	106
20220602 061757	0	0	0	1	auto	depthwise	256	0	1	0.0100770340578203	0.680952945685887	6	18	0.012794763246509	152	13360000	107
20220602 125502	0	0	0	1	auto	depthwise	256	0	1	0.0101958740459397	0.689022589169122	10	2	0.0139120323809059	1299	13320000	108
20220602 131726	0	0	0	1	auto	depthwise	256	0	1	0.0163884155756651	0.660362183085765	9	13	0.0141442032728387	162	13051000	109
20220602 135918	0	0	0	1	auto	depthwise	256	0	1	0.0127247069090458	0.993394986445576	7	17	0.0130965259935731	134	13381000	110
20220602 140712	0	0	0	1	auto	depthwise	256	0	1	0.0205177477299197	0.200476137620215	7	11	0.0151596148305766	200	13312000	111
20220602 142249	0	0	0	1	auto	depthwise	256	0	1	0.0163805005671133	0.734258281290478	2	4	0.0136663716380862	416	13369000	112
20220602 144433	0	0	0	1	auto	depthwise	256	0	1	0.0141770589026516	0.448358120670528	10	29	0.0140542815328906	198	13444000	113
20220602 152701	0	0	0	1	auto	depthwise	256	0	1	0.0100708149728586	0.815464332446998	8	18	0.0125792221780588	155	13370000	114
20220602 154258	0	0	0	1	auto	depthwise	256	0	1	0.0102401869327161	0.200308703638154	10	10	0.0191480283376586	580	12969000	115
20220602 162422	0	0	0	1	auto	depthwise	256	0	1	0.0101475926236134	0.730309646024088	7	16	0.0139136530839194	223	13234000	116
20220602 162751	0	0	0	1	auto	depthwise	256	0	1	0.0544605374914373	0.558526308767385	2	2	0.0133381182744575	224	13033000	117
20220602 163928	0	0	0	1	auto	depthwise	256	0	1	0.0105768266538306	0.200491597815078	2	5	0.0135278553727627	668	13117000	118
20220602 164115	0	0	0	1	auto	depthwise	256	0	1	0.299920950133036	0.809909414438581	1	2	0.0160623406624404	69	11708000	119
20220602 165755	0	0	0	1	auto	depthwise	256	0	1	0.0102996802751867	0.865248631625143	2	2	0.0127065028965065	802	13056000	120
20220602 171444	0	0	0	1	auto	depthwise	256	0	1	0.0100603970009442	0.240489827958266	7	4	0.0146564836056544	1359	13389000	121
